9.40754,0.0001,0.502837,1.97667,4.55281e-07,147916,28.3702,1494.53,1.09568
9.40754,0.000207724,0.5059,1.97668,4.91781e-07,148998,28.4324,1494.53,1.09746
9.40754,0.000322469,0.50917,1.97668,5.25361e-07,150166,28.4992,1494.53,1.09937
9.40754,0.000443605,0.512631,1.97669,5.56343e-07,151414,28.5702,1494.53,1.10139
9.40754,0.000570571,0.516268,1.97669,5.85014e-07,152736,28.645,1494.53,1.1035
9.40754,0.000702863,0.520068,1.9767,6.11628e-07,154127,28.7232,1494.53,1.10571
9.40754,0.000840032,0.524019,1.97671,6.36412e-07,155582,28.8044,1494.53,1.10799
9.40754,0.000981677,0.528111,1.97671,6.59568e-07,157096,28.8884,1494.53,1.11034
9.40754,0.00112744,0.532334,1.97672,6.81276e-07,158665,28.9749,1494.53,1.11274
9.40754,0.00127699,0.536681,1.97673,7.01697e-07,160287,29.0636,1494.53,1.11519
9.40754,0.00143006,0.541143,1.97673,7.20974e-07,161958,29.1543,1494.53,1.11769
9.40754,0.00158638,0.545715,1.97674,7.39236e-07,163675,29.2468,1494.53,1.12023
9.40754,0.00174573,0.550391,1.97675,7.56599e-07,165437,29.341,1494.53,1.1228
9.40754,0.0019079,0.555164,1.97675,7.73165e-07,167240,29.4368,1494.53,1.1254
9.40754,0.00207272,0.560032,1.97676,7.89026e-07,169083,29.5338,1494.53,1.12802
9.40754,0.00224001,0.564989,1.97677,8.04266e-07,170965,29.6321,1494.53,1.13065
9.40754,0.00240965,0.570033,1.97678,8.1896e-07,172883,29.7316,1494.53,1.13331
9.40754,0.00258149,0.575159,1.97678,8.33173e-07,174838,29.832,1494.53,1.13598
9.40754,0.00275543,0.580366,1.97679,8.46966e-07,176826,29.9335,1494.53,1.13866
9.40754,0.00293136,0.58565,1.9768,8.60393e-07,178848,30.0357,1494.53,1.14135
9.40754,0.0031092,0.59101,1.97681,8.73502e-07,180903,30.1388,1494.53,1.14405
9.40754,0.00328886,0.596443,1.97682,8.86338e-07,182990,30.2425,1494.53,1.14675
9.40754,0.00347028,0.601949,1.97683,8.98939e-07,185108,30.347,1494.53,1.14945
9.40754,0.00365339,0.607525,1.97683,9.11341e-07,187256,30.452,1494.53,1.15216
9.40754,0.00383814,0.613171,1.97684,9.23577e-07,189435,30.5577,1494.53,1.15487
9.40754,0.00402449,0.618885,1.97685,9.35675e-07,191643,30.6638,1494.53,1.15757
9.40754,0.00421238,0.624666,1.97686,9.47661e-07,193881,30.7705,1494.53,1.16028
9.40754,0.00440178,0.630514,1.97687,9.59558e-07,196148,30.8776,1494.53,1.16298
9.40754,0.00459266,0.636429,1.97688,9.71389e-07,198444,30.9851,1494.53,1.16568
9.40754,0.004785,0.642409,1.97689,9.83173e-07,200769,31.093,1494.53,1.16838
9.40754,0.00497876,0.648455,1.9769,9.94926e-07,203122,31.2013,1494.53,1.17107
9.40754,0.00517393,0.654565,1.97691,1.00667e-06,205504,31.31,1494.53,1.17375
9.40754,0.00537049,0.660741,1.97692,1.01841e-06,207915,31.419,1494.53,1.17644
9.40754,0.00556842,0.666982,1.97693,1.03016e-06,210354,31.5283,1494.53,1.17911
9.40754,0.00576771,0.673287,1.97694,1.04194e-06,212821,31.6379,1494.53,1.18178
9.40754,0.00596836,0.679657,1.97695,1.05375e-06,215317,31.7478,1494.53,1.18445
9.40754,0.00617034,0.686092,1.97696,1.06561e-06,217842,31.8579,1494.53,1.1871
9.40754,0.00637367,0.692592,1.97697,1.07753e-06,220396,31.9683,1494.53,1.18975
9.40754,0.00657833,0.699157,1.97698,1.08951e-06,222978,32.079,1494.53,1.1924
9.40754,0.00678432,0.705788,1.97699,1.10156e-06,225590,32.1899,1494.53,1.19504
9.40754,0.00699163,0.712484,1.977,1.11369e-06,228230,32.301,1494.53,1.19767
9.40754,0.00720027,0.719247,1.97701,1.12591e-06,230900,32.4124,1494.53,1.20029
9.40754,0.00741024,0.726076,1.97702,1.13822e-06,233600,32.5239,1494.53,1.2029
9.40754,0.00762153,0.732971,1.97703,1.15062e-06,236329,32.6357,1494.53,1.20551
9.40754,0.00783416,0.739934,1.97704,1.16313e-06,239088,32.7477,1494.53,1.20811
9.40754,0.00804811,0.746965,1.97705,1.17574e-06,241878,32.8598,1494.53,1.21071
9.40754,0.0082634,0.754063,1.97706,1.18847e-06,244697,32.9721,1494.53,1.21329
9.40754,0.00848004,0.761231,1.97707,1.20131e-06,247548,33.0846,1494.53,1.21587
9.40754,0.00869802,0.768467,1.97708,1.21427e-06,250429,33.1973,1494.53,1.21844
9.40754,0.00891735,0.775773,1.9771,1.22736e-06,253341,33.3102,1494.53,1.221
9.40754,0.00913803,0.783149,1.97711,1.24057e-06,256285,33.4232,1494.53,1.22356
9.40754,0.00936008,0.790596,1.97712,1.25391e-06,259260,33.5363,1494.53,1.2261
9.40754,0.0095835,0.798114,1.97713,1.26739e-06,262268,33.6496,1494.53,1.22864
9.40754,0.00980829,0.805703,1.97714,1.281e-06,265307,33.7631,1494.53,1.23118
9.40754,0.0100345,0.813366,1.97716,1.29476e-06,268379,33.8767,1494.53,1.2337
9.40754,0.010262,0.821101,1.97717,1.30866e-06,271484,33.9904,1494.53,1.23622
9.40754,0.010491,0.82891,1.97718,1.3227e-06,274622,34.1043,1494.53,1.23873
9.40754,0.0107214,0.836793,1.97719,1.3369e-06,277794,34.2183,1494.53,1.24123
9.40754,0.0109532,0.844751,1.97721,1.35124e-06,281000,34.3324,1494.53,1.24372
9.40754,0.0111864,0.852784,1.97722,1.36575e-06,284239,34.4467,1494.53,1.24621
9.40754,0.0114211,0.860894,1.97723,1.3804e-06,287513,34.561,1494.53,1.24869
9.40754,0.0116572,0.869081,1.97724,1.39522e-06,290822,34.6755,1494.53,1.25116
9.40754,0.0118947,0.877346,1.97726,1.4102e-06,294166,34.7901,1494.53,1.25363
9.40754,0.0121337,0.885688,1.97727,1.42535e-06,297546,34.9048,1494.53,1.25608
9.40754,0.0123742,0.89411,1.97729,1.44066e-06,300961,35.0195,1494.53,1.25854
9.40754,0.0126162,0.902612,1.9773,1.45615e-06,304412,35.1344,1494.53,1.26098
9.40754,0.0128596,0.911194,1.97731,1.4718e-06,307900,35.2494,1494.53,1.26341
9.40754,0.0131046,0.919857,1.97733,1.48763e-06,311425,35.3645,1494.53,1.26584
9.40753,0.0133511,0.928602,1.97734,1.50364e-06,314988,35.4796,1494.53,1.26826
9.40753,0.0135991,0.93743,1.97736,1.51983e-06,318587,35.5948,1494.53,1.27068
9.40753,0.0138486,0.946341,1.97737,1.5362e-06,322225,35.7101,1494.53,1.27308
9.40753,0.0140997,0.955336,1.97738,1.55276e-06,325902,35.8255,1494.53,1.27548
9.40753,0.0143524,0.964417,1.9774,1.5695e-06,329617,35.941,1494.53,1.27788
9.40753,0.0146066,0.973583,1.97741,1.58643e-06,333371,36.0565,1494.53,1.28026
9.40753,0.0148624,0.982835,1.97743,1.60356e-06,337165,36.1721,1494.53,1.28264
9.40753,0.0151198,0.992175,1.97744,1.62088e-06,340998,36.2877,1494.53,1.28501
9.40753,0.0153788,1.0016,1.97746,1.63839e-06,344873,36.4034,1494.53,1.28738
9.40753,0.0156394,1.01112,1.97748,1.65611e-06,348787,36.5191,1494.53,1.28974
9.40753,0.0159016,1.02073,1.97749,1.67403e-06,352744,36.6349,1494.53,1.29209
9.40753,0.0161655,1.03042,1.97751,1.69216e-06,356741,36.7507,1494.53,1.29443
9.40753,0.016431,1.04021,1.97752,1.71049e-06,360781,36.8665,1494.53,1.29677
9.40753,0.0166982,1.05009,1.97754,1.72904e-06,364863,36.9824,1494.53,1.2991
9.40753,0.016967,1.06007,1.97756,1.7478e-06,368988,37.0982,1494.53,1.30143
9.40753,0.0172376,1.07014,1.97757,1.76678e-06,373156,37.2141,1494.53,1.30375
9.40753,0.0175098,1.0803,1.97759,1.78597e-06,377369,37.3301,1494.53,1.30606
9.40753,0.0177838,1.09056,1.97761,1.80539e-06,381625,37.446,1494.53,1.30836
9.40753,0.0180595,1.10091,1.97762,1.82503e-06,385926,37.5619,1494.53,1.31066
9.40753,0.0183369,1.11137,1.97764,1.8449e-06,390272,37.6779,1494.53,1.31295
9.40753,0.0186161,1.12192,1.97766,1.865e-06,394663,37.7938,1494.53,1.31524
9.40753,0.0188971,1.13257,1.97768,1.88533e-06,399100,37.9098,1494.53,1.31752
9.40753,0.0191798,1.14332,1.97769,1.9059e-06,403584,38.0257,1494.53,1.31979
9.40753,0.0194643,1.15417,1.97771,1.92671e-06,408115,38.1415,1494.53,1.32206
9.40753,0.0197507,1.16513,1.97773,1.94777e-06,412693,38.2574,1494.53,1.32432
9.40753,0.0200388,1.17619,1.97775,1.96906e-06,417319,38.3732,1494.53,1.32657
9.40753,0.0203288,1.18735,1.97777,1.99061e-06,421993,38.489,1494.53,1.32882
9.40753,0.0206207,1.19861,1.97779,2.01241e-06,426717,38.6048,1494.53,1.33106
9.40753,0.0209144,1.20999,1.97781,2.03447e-06,431489,38.7205,1494.53,1.3333
9.40753,0.0212099,1.22147,1.97782,2.05679e-06,436311,38.8361,1494.53,1.33553
9.40753,0.0215074,1.23305,1.97784,2.07936e-06,441184,38.9517,1494.53,1.33775
9.40753,0.0218068,1.24475,1.97786,2.10221e-06,446107,39.0673,1494.53,1.33997
9.40753,0.0221081,1.25655,1.97788,2.12532e-06,451082,39.1827,1494.53,1.34218
9.40753,0.0224114,1.26847,1.9779,2.14871e-06,456108,39.2981,1494.53,1.34438
9.40753,0.0227166,1.2805,1.97792,2.17237e-06,461187,39.4134,1494.53,1.34658
9.40753,0.0230237,1.29264,1.97795,2.19631e-06,466319,39.5286,1494.53,1.34877
9.40753,0.0233329,1.3049,1.97797,2.22054e-06,471504,39.6437,1494.53,1.35096
9.40753,0.023644,1.31727,1.97799,2.24505e-06,476743,39.7587,1494.53,1.35314
9.40753,0.0239572,1.32976,1.97801,2.26985e-06,482036,39.8736,1494.53,1.35532
9.40753,0.0242724,1.34236,1.97803,2.29495e-06,487385,39.9884,1494.53,1.35749
9.40753,0.0245897,1.35508,1.97805,2.32035e-06,492789,40.1031,1494.53,1.35965
9.40753,0.024909,1.36793,1.97807,2.34605e-06,498249,40.2176,1494.53,1.36181
9.40753,0.0252304,1.38089,1.9781,2.37206e-06,503766,40.3321,1494.53,1.36396
9.40753,0.0255539,1.39397,1.97812,2.39838e-06,509340,40.4463,1494.53,1.36611
9.40753,0.0258795,1.40718,1.97814,2.42502e-06,514972,40.5605,1494.53,1.36825
9.40753,0.0262072,1.42051,1.97816,2.45197e-06,520662,40.6744,1494.53,1.37039
9.40753,0.0265371,1.43397,1.97819,2.47925e-06,526412,40.7882,1494.53,1.37251
9.40753,0.0268692,1.44755,1.97821,2.50685e-06,532220,40.9019,1494.53,1.37464
9.40753,0.0272034,1.46126,1.97824,2.53479e-06,538089,41.0153,1494.53,1.37676
9.40753,0.0275399,1.4751,1.97826,2.56306e-06,544019,41.1286,1494.53,1.37887
9.40753,0.0278785,1.48906,1.97828,2.59168e-06,550010,41.2417,1494.53,1.38098
9.40753,0.0282194,1.50316,1.97831,2.62064e-06,556063,41.3546,1494.53,1.38308
9.40752,0.0285626,1.51739,1.97833,2.64995e-06,562178,41.4673,1494.53,1.38518
9.40752,0.028908,1.53175,1.97836,2.67962e-06,568357,41.5798,1494.53,1.38727
9.40752,0.0292558,1.54625,1.97838,2.70965e-06,574599,41.6921,1494.53,1.38935
9.40752,0.0296058,1.56089,1.97841,2.74004e-06,580906,41.8041,1494.53,1.39143
9.40752,0.0299582,1.57566,1.97844,2.7708e-06,587278,41.9159,1494.53,1.39351
9.40752,0.0303129,1.59056,1.97846,2.80194e-06,593716,42.0275,1494.53,1.39558
9.40752,0.0306701,1.60561,1.97849,2.83346e-06,600220,42.1387,1494.53,1.39764
9.40752,0.0310296,1.6208,1.97852,2.86536e-06,606791,42.2498,1494.53,1.3997
9.40752,0.0313915,1.63613,1.97854,2.89766e-06,613430,42.3606,1494.53,1.40175
9.40752,0.0317558,1.65161,1.97857,2.93035e-06,620137,42.4711,1494.53,1.4038
9.40752,0.0321226,1.66722,1.9786,2.96344e-06,626913,42.5813,1494.53,1.40584
9.40752,0.0324919,1.68299,1.97863,2.99694e-06,633759,42.6912,1494.53,1.40788
9.40752,0.0328637,1.6989,1.97866,3.03085e-06,640675,42.8008,1494.53,1.40991
9.40752,0.0332379,1.71496,1.97868,3.06518e-06,647663,42.9101,1494.53,1.41194
9.40752,0.0336148,1.73117,1.97871,3.09993e-06,654722,43.0191,1494.53,1.41396
9.40752,0.0339941,1.74753,1.97874,3.13511e-06,661854,43.1277,1494.53,1.41598
9.40752,0.0343761,1.76405,1.97877,3.17073e-06,669058,43.236,1494.53,1.41799
9.40752,0.0347607,1.78072,1.9788,3.2068e-06,676337,43.344,1494.53,1.42
9.40752,0.0351479,1.79754,1.97883,3.24331e-06,683690,43.4516,1494.53,1.422
9.40752,0.0355377,1.81452,1.97886,3.28027e-06,691119,43.5589,1494.53,1.424
9.40752,0.0359302,1.83166,1.9789,3.3177e-06,698624,43.6657,1494.53,1.42599
9.40752,0.0363254,1.84896,1.97893,3.35559e-06,706206,43.7722,1494.53,1.42798
9.40752,0.0367234,1.86642,1.97896,3.39396e-06,713865,43.8783,1494.53,1.42996
9.40752,0.037124,1.88405,1.97899,3.43281e-06,721603,43.984,1494.53,1.43194
9.40752,0.0375275,1.90183,1.97902,3.47215e-06,729420,44.0892,1494.53,1.43391
9.40752,0.0379337,1.91979,1.97906,3.51198e-06,737316,44.1941,1494.53,1.43588
9.40752,0.0383428,1.93791,1.97909,3.55232e-06,745294,44.2985,1494.53,1.43784
9.40752,0.0387547,1.9562,1.97912,3.59316e-06,753353,44.4024,1494.53,1.4398
9.40752,0.0391694,1.97465,1.97916,3.63452e-06,761494,44.5059,1494.53,1.44175
9.40752,0.0395871,1.99329,1.97919,3.6764e-06,769718,44.6089,1494.53,1.4437
9.40751,0.0400076,2.01209,1.97923,3.71882e-06,778026,44.7115,1494.53,1.44564
9.40751,0.0404311,2.03107,1.97926,3.76177e-06,786419,44.8135,1494.53,1.44758
9.40751,0.0408576,2.05022,1.9793,3.80527e-06,794898,44.9151,1494.53,1.44952
9.40751,0.0412871,2.06956,1.97933,3.84933e-06,803462,45.0162,1494.53,1.45144
9.40751,0.0417196,2.08907,1.97937,3.89395e-06,812114,45.1167,1494.53,1.45337
9.40751,0.0421552,2.10877,1.97941,3.93913e-06,820854,45.2167,1494.53,1.45529
9.40751,0.0425938,2.12864,1.97945,3.9849e-06,829683,45.3161,1494.53,1.4572
9.40751,0.0430356,2.14871,1.97948,4.03126e-06,838602,45.415,1494.53,1.45911
9.40751,0.0434805,2.16895,1.97952,4.07822e-06,847611,45.5133,1494.53,1.46102
9.40751,0.0439285,2.18939,1.97956,4.12577e-06,856712,45.6111,1494.53,1.46292
9.40751,0.0443798,2.21002,1.9796,4.17395e-06,865905,45.7082,1494.53,1.46482
9.40751,0.0448343,2.23083,1.97964,4.22275e-06,875191,45.8048,1494.53,1.46671
9.40751,0.045292,2.25184,1.97968,4.27218e-06,884572,45.9007,1494.53,1.46859
9.40751,0.045753,2.27305,1.97972,4.32225e-06,894047,45.996,1494.53,1.47048
9.40751,0.0462173,2.29445,1.97976,4.37297e-06,903619,46.0906,1494.53,1.47236
9.40751,0.046685,2.31605,1.9798,4.42436e-06,913288,46.1846,1494.53,1.47423
9.40751,0.0471561,2.33785,1.97985,4.47642e-06,923054,46.278,1494.53,1.4761
9.40751,0.0476306,2.35985,1.97989,4.52916e-06,932919,46.3706,1494.53,1.47796
9.40751,0.0481085,2.38206,1.97993,4.58259e-06,942884,46.4626,1494.53,1.47982
9.40751,0.0485899,2.40447,1.97997,4.63672e-06,952950,46.5538,1494.53,1.48168
9.40751,0.0490748,2.42709,1.98002,4.69157e-06,963117,46.6443,1494.53,1.48353
9.40751,0.0495632,2.44991,1.98006,4.74714e-06,973388,46.7341,1494.53,1.48538
9.40751,0.0500552,2.47295,1.98011,4.80344e-06,983761,46.8232,1494.53,1.48722
9.40751,0.0505509,2.4962,1.98015,4.8605e-06,994240,46.9114,1494.53,1.48906
9.4075,0.0510502,2.51967,1.9802,4.91831e-06,1.00482e+06,46.9989,1494.53,1.49089
9.4075,0.0515531,2.54335,1.98025,4.97689e-06,1.01551e+06,47.0857,1494.53,1.49272
9.4075,0.0520598,2.56725,1.98029,5.03625e-06,1.02631e+06,47.1716,1494.53,1.49455
9.4075,0.0525703,2.59137,1.98034,5.0964e-06,1.03722e+06,47.2567,1494.53,1.49637
9.4075,0.0530845,2.61572,1.98039,5.15736e-06,1.04824e+06,47.3409,1494.53,1.49818
9.4075,0.0536025,2.64029,1.98044,5.21914e-06,1.05936e+06,47.4243,1494.53,1.5
9.4075,0.0541245,2.66508,1.98049,5.28175e-06,1.0706e+06,47.5069,1494.53,1.5018
9.4075,0.0546503,2.69011,1.98054,5.34521e-06,1.08195e+06,47.5886,1494.53,1.50361
9.4075,0.0551801,2.71536,1.98059,5.40952e-06,1.09342e+06,47.6693,1494.53,1.50541
9.4075,0.0557139,2.74085,1.98064,5.4747e-06,1.105e+06,47.7492,1494.53,1.5072
9.4075,0.0562516,2.76657,1.98069,5.54077e-06,1.1167e+06,47.8281,1494.53,1.50899
9.4075,0.0567935,2.79253,1.98075,5.60774e-06,1.12851e+06,47.9062,1494.53,1.51078
9.4075,0.0573395,2.81872,1.9808,5.67562e-06,1.14045e+06,47.9832,1494.53,1.51256
9.4075,0.0578896,2.84516,1.98085,5.74443e-06,1.1525e+06,48.0593,1494.53,1.51434
9.4075,0.0584439,2.87184,1.98091,5.81418e-06,1.16467e+06,48.1344,1494.53,1.51612
9.4075,0.0590024,2.89877,1.98096,5.88489e-06,1.17697e+06,48.2084,1494.53,1.51789
9.4075,0.0595652,2.92594,1.98102,5.95657e-06,1.18938e+06,48.2815,1494.53,1.51965
9.40749,0.0601323,2.95336,1.98108,6.02925e-06,1.20192e+06,48.3535,1494.53,1.52142
9.40749,0.0607038,2.98104,1.98114,6.10292e-06,1.21459e+06,48.4245,1494.53,1.52317
9.40749,0.0612797,3.00897,1.98119,6.17762e-06,1.22738e+06,48.4944,1494.53,1.52493
9.40749,0.0618601,3.03715,1.98125,6.25336e-06,1.2403e+06,48.5632,1494.53,1.52668
9.40749,0.062445,3.06559,1.98131,6.33016e-06,1.25335e+06,48.6309,1494.53,1.52842
9.40749,0.0630344,3.0943,1.98137,6.40802e-06,1.26653e+06,48.6975,1494.53,1.53016
9.40749,0.0636284,3.12326,1.98143,6.48698e-06,1.27984e+06,48.7629,1494.53,1.5319
9.40749,0.0642271,3.15249,1.98149,6.56705e-06,1.29329e+06,48.8272,1494.53,1.53364
9.40749,0.0648304,3.18199,1.98156,6.64824e-06,1.30686e+06,48.8903,1494.53,1.53537
9.40749,0.0654385,3.21176,1.98162,6.73058e-06,1.32057e+06,48.9522,1494.53,1.53709
9.40749,0.0660515,3.2418,1.98168,6.81408e-06,1.33442e+06,49.0128,1494.53,1.53881
9.40749,0.0666692,3.27212,1.98175,6.89877e-06,1.3484e+06,49.0723,1494.53,1.54053
9.40749,0.0672919,3.30271,1.98181,6.98466e-06,1.36253e+06,49.1305,1494.53,1.54224
9.40749,0.0679195,3.33358,1.98188,7.07178e-06,1.37679e+06,49.1874,1494.53,1.54395
9.40749,0.0685521,3.36473,1.98195,7.16015e-06,1.3912e+06,49.2431,1494.53,1.54566
9.40749,0.0691898,3.39617,1.98202,7.24978e-06,1.40574e+06,49.2974,1494.53,1.54736
9.40748,0.0698326,3.42789,1.98209,7.3407e-06,1.42043e+06,49.3504,1494.53,1.54906
9.40748,0.0704806,3.4599,1.98216,7.43293e-06,1.43527e+06,49.402,1494.53,1.55075
9.40748,0.0711339,3.49221,1.98223,7.5265e-06,1.45025e+06,49.4523,1494.53,1.55244
9.40748,0.0717924,3.52481,1.9823,7.62142e-06,1.46538e+06,49.5012,1494.53,1.55413
9.40748,0.0724563,3.5577,1.98237,7.71772e-06,1.48066e+06,49.5487,1494.53,1.55581
9.40748,0.0731256,3.59089,1.98244,7.81543e-06,1.49609e+06,49.5947,1494.53,1.55749
9.40748,0.0738004,3.62439,1.98252,7.91457e-06,1.51168e+06,49.6393,1494.53,1.55917
9.40748,0.0744807,3.65819,1.98259,8.01516e-06,1.52741e+06,49.6824,1494.53,1.56084
9.40748,0.0751666,3.69229,1.98267,8.11723e-06,1.5433e+06,49.7241,1494.53,1.56251
9.40748,0.0758581,3.72671,1.98275,8.2208e-06,1.55935e+06,49.7642,1494.53,1.56417
9.40748,0.0765554,3.76144,1.98283,8.32591e-06,1.57555e+06,49.8028,1494.53,1.56583
9.40748,0.0772585,3.79648,1.98291,8.43258e-06,1.59192e+06,49.8398,1494.53,1.56748
9.40747,0.0779675,3.83184,1.98299,8.54084e-06,1.60844e+06,49.8752,1494.53,1.56914
9.40747,0.0786824,3.86752,1.98307,8.65071e-06,1.62513e+06,49.9091,1494.53,1.57078
9.40747,0.0794033,3.90352,1.98315,8.76223e-06,1.64198e+06,49.9413,1494.53,1.57243
9.40747,0.0801303,3.93985,1.98323,8.87543e-06,1.65899e+06,49.9718,1494.53,1.57407
9.40747,0.0808634,3.97651,1.98332,8.99033e-06,1.67617e+06,50.0008,1494.53,1.57571
9.40747,0.0816027,4.01349,1.9834,9.10697e-06,1.69352e+06,50.028,1494.53,1.57734
9.40747,0.0823483,4.05081,1.98349,9.22538e-06,1.71104e+06,50.0534,1494.53,1.57897
9.40747,0.0831003,4.08847,1.98358,9.34559e-06,1.72873e+06,50.0772,1494.53,1.5806
9.40747,0.0838588,4.12647,1.98367,9.46763e-06,1.74659e+06,50.0992,1494.53,1.58222
9.40747,0.0846237,4.16481,1.98376,9.59155e-06,1.76463e+06,50.1194,1494.53,1.58384
9.40746,0.0853953,4.20349,1.98385,9.71737e-06,1.78284e+06,50.1378,1494.53,1.58545
9.40746,0.0861735,4.24253,1.98394,9.84513e-06,1.80123e+06,50.1543,1494.53,1.58706
9.40746,0.0869585,4.28191,1.98403,9.97487e-06,1.81979e+06,50.169,1494.53,1.58867
9.40746,0.0877504,4.32164,1.98413,1.01066e-05,1.83854e+06,50.1819,1494.53,1.59027
9.40746,0.0885492,4.36174,1.98423,1.02404e-05,1.85747e+06,50.1928,1494.53,1.59187
9.40746,0.089355,4.40219,1.98432,1.03763e-05,1.87658e+06,50.2017,1494.53,1.59347
9.40746,0.0901679,4.44301,1.98442,1.05144e-05,1.89588e+06,50.2088,1494.53,1.59506
9.40746,0.090988,4.48419,1.98452,1.06546e-05,1.91537e+06,50.2138,1494.53,1.59665
9.40746,0.0918154,4.52574,1.98462,1.0797e-05,1.93504e+06,50.2168,1494.53,1.59824
9.40746,0.0926502,4.56766,1.98473,1.09416e-05,1.9549e+06,50.2178,1494.53,1.59982
9.40745,0.0934925,4.60996,1.98483,1.10886e-05,1.97496e+06,50.2167,1494.53,1.6014
9.40745,0.0943423,4.65263,1.98494,1.1238e-05,1.9952e+06,50.2135,1494.53,1.60298
9.40745,0.0951999,4.69568,1.98504,1.13897e-05,2.01565e+06,50.2083,1494.53,1.60455
9.40745,0.0960651,4.73912,1.98515,1.15438e-05,2.03629e+06,50.2008,1494.53,1.60612
9.40745,0.0969383,4.78295,1.98526,1.17005e-05,2.05713e+06,50.1912,1494.53,1.60768
9.40745,0.0978194,4.82716,1.98537,1.18597e-05,2.07817e+06,50.1795,1494.53,1.60924
9.40745,0.0987087,4.87177,1.98549,1.20215e-05,2.09941e+06,50.1655,1494.53,1.6108
9.40745,0.0996061,4.91678,1.9856,1.21859e-05,2.12085e+06,50.1492,1494.53,1.61235
9.40744,0.100512,4.96218,1.98572,1.2353e-05,2.1425e+06,50.1306,1494.53,1.6139
9.40744,0.101426,5.00799,1.98584,1.25229e-05,2.16436e+06,50.1098,1494.53,1.61545
9.40744,0.102349,5.0542,1.98595,1.26956e-05,2.18642e+06,50.0866,1494.53,1.61699
9.40744,0.10328,5.10082,1.98608,1.28711e-05,2.2087e+06,50.0611,1494.53,1.61853
9.40744,0.10422,5.14786,1.9862,1.30496e-05,2.23119e+06,50.0331,1494.53,1.62007
9.40744,0.105169,5.19531,1.98632,1.32311e-05,2.25389e+06,50.0028,1494.53,1.6216
9.40744,0.106127,5.24317,1.98645,1.34156e-05,2.27681e+06,49.97,1494.53,1.62313
9.40744,0.107094,5.29147,1.98658,1.36033e-05,2.29995e+06,49.9347,1494.53,1.62465
9.40743,0.10807,5.34018,1.98671,1.37941e-05,2.32331e+06,49.8969,1494.53,1.62618
9.40743,0.109056,5.38933,1.98684,1.39881e-05,2.34689e+06,49.8565,1494.53,1.62769
9.40743,0.110051,5.4389,1.98697,1.41855e-05,2.37069e+06,49.8136,1494.53,1.62921
9.40743,0.111056,5.48892,1.98711,1.43863e-05,2.39472e+06,49.7681,1494.53,1.63072
9.40743,0.112071,5.53937,1.98724,1.45905e-05,2.41898e+06,49.72,1494.53,1.63223
9.40743,0.113096,5.59026,1.98738,1.47983e-05,2.44346e+06,49.6692,1494.53,1.63373
9.40743,0.11413,5.6416,1.98752,1.50097e-05,2.46818e+06,49.6157,1494.53,1.63524
9.40742,0.115175,5.69339,1.98767,1.52248e-05,2.49312e+06,49.5595,1494.53,1.63673
9.40742,0.116231,5.74563,1.98781,1.54436e-05,2.51831e+06,49.5005,1494.53,1.63823
9.40742,0.117297,5.79833,1.98796,1.56664e-05,2.54373e+06,49.4388,1494.53,1.63972
9.40742,0.118373,5.85148,1.98811,1.5893e-05,2.56939e+06,49.3742,1494.53,1.64121
9.40742,0.119461,5.9051,1.98826,1.61238e-05,2.59529e+06,49.3068,1494.53,1.64269
9.40742,0.120559,5.95918,1.98842,1.63586e-05,2.62143e+06,49.2365,1494.53,1.64417
9.40741,0.121669,6.01374,1.98857,1.65977e-05,2.64781e+06,49.1633,1494.53,1.64565
9.40741,0.12279,6.06877,1.98873,1.6841e-05,2.67445e+06,49.0872,1494.53,1.64712
9.40741,0.123922,6.12427,1.98889,1.70888e-05,2.70133e+06,49.0081,1494.53,1.64859
9.40741,0.125066,6.18025,1.98905,1.73412e-05,2.72846e+06,48.926,1494.53,1.65006
9.40741,0.126223,6.23672,1.98922,1.75981e-05,2.75584e+06,48.8408,1494.53,1.65152
9.40741,0.127391,6.29367,1.98939,1.78598e-05,2.78348e+06,48.7525,1494.53,1.65298
9.4074,0.128571,6.35112,1.98956,1.81264e-05,2.81137e+06,48.6612,1494.53,1.65444
9.4074,0.129764,6.40905,1.98973,1.83979e-05,2.83952e+06,48.5667,1494.53,1.65589
9.4074,0.13097,6.46749,1.98991,1.86745e-05,2.86794e+06,48.469,1494.53,1.65734
9.4074,0.132188,6.52643,1.99008,1.89563e-05,2.89661e+06,48.3681,1494.53,1.65879
9.4074,0.13342,6.58587,1.99026,1.92434e-05,2.92555e+06,48.264,1494.53,1.66023
9.40739,0.134665,6.64582,1.99045,1.9536e-05,2.95476e+06,48.1566,1494.53,1.66167
9.40739,0.135923,6.70628,1.99064,1.98342e-05,2.98423e+06,48.0459,1494.53,1.66311
9.40739,0.137195,6.76725,1.99082,2.01381e-05,3.01397e+06,47.9319,1494.53,1.66454
9.40739,0.138481,6.82875,1.99102,2.04479e-05,3.04399e+06,47.8144,1494.53,1.66597
9.40739,0.139782,6.89076,1.99121,2.07638e-05,3.07428e+06,47.6936,1494.53,1.66739
9.40738,0.141097,6.95331,1.99141,2.10858e-05,3.10485e+06,47.5693,1494.53,1.66882
9.40738,0.142426,7.01638,1.99161,2.14141e-05,3.13569e+06,47.4415,1494.53,1.67024
9.40738,0.14377,7.07998,1.99182,2.1749e-05,3.16681e+06,47.3102,1494.53,1.67165
9.40738,0.14513,7.14412,1.99202,2.20905e-05,3.19822e+06,47.1754,1494.53,1.67306
9.40737,0.146505,7.2088,1.99223,2.24389e-05,3.22991e+06,47.0369,1494.53,1.67447
9.40737,0.147896,7.27403,1.99245,2.27943e-05,3.26189e+06,46.8948,1494.53,1.67588
9.40737,0.149303,7.3398,1.99267,2.31569e-05,3.29416e+06,46.7491,1494.53,1.67728
9.40737,0.150726,7.40612,1.99289,2.35269e-05,3.32671e+06,46.5997,1494.53,1.67868
9.40736,0.152166,7.47299,1.99311,2.39045e-05,3.35956e+06,46.4465,1494.53,1.68007
9.40736,0.153622,7.54042,1.99334,2.42899e-05,3.39271e+06,46.2896,1494.53,1.68147
9.40736,0.155096,7.60841,1.99357,2.46833e-05,3.42615e+06,46.1289,1494.53,1.68286
9.40736,0.156588,7.67697,1.99381,2.5085e-05,3.45989e+06,45.9643,1494.53,1.68424
9.40736,0.158097,7.74609,1.99405,2.54951e-05,3.49392e+06,45.7959,1494.53,1.68562
9.40735,0.159625,7.81578,1.99429,2.59139e-05,3.52827e+06,45.6236,1494.53,1.687
9.40735,0.161171,7.88605,1.99454,2.63417e-05,3.56291e+06,45.4473,1494.53,1.68837
9.40735,0.162736,7.95689,1.99479,2.67786e-05,3.59786e+06,45.267,1494.53,1.68975
9.40734,0.16432,8.02832,1.99505,2.7225e-05,3.63312e+06,45.0827,1494.53,1.69111
9.40734,0.165924,8.10033,1.99531,2.76812e-05,3.66869e+06,44.8944,1494.53,1.69248
9.40734,0.167548,8.17292,1.99557,2.81473e-05,3.70458e+06,44.702,1494.53,1.69384
9.40734,0.169193,8.24611,1.99584,2.86238e-05,3.74077e+06,44.5055,1494.53,1.6952
9.40733,0.170858,8.31989,1.99612,2.91109e-05,3.77728e+06,44.3048,1494.53,1.69655
9.40733,0.172544,8.39426,1.99639,2.96089e-05,3.81411e+06,44.0999,1494.53,1.6979
9.40733,0.174253,8.46924,1.99668,3.01181e-05,3.85126e+06,43.8908,1494.53,1.69925
9.40732,0.175983,8.54482,1.99697,3.0639e-05,3.88873e+06,43.6774,1494.53,1.70059
9.40732,0.177736,8.621,1.99726,3.11718e-05,3.92653e+06,43.4597,1494.53,1.70193
9.40732,0.179512,8.69779,1.99756,3.17169e-05,3.96465e+06,43.2377,1494.53,1.70327
9.40731,0.181312,8.77519,1.99786,3.22747e-05,4.00309e+06,43.0113,1494.53,1.7046
9.40731,0.183135,8.85321,1.99817,3.28457e-05,4.04187e+06,42.7806,1494.53,1.70593
9.40731,0.184983,8.93184,1.99848,3.34301e-05,4.08097e+06,42.5454,1494.53,1.70726
9.4073,0.186857,9.0111,1.9988,3.40285e-05,4.12041e+06,42.3057,1494.53,1.70858
9.4073,0.188756,9.09097,1.99913,3.46413e-05,4.16018e+06,42.0615,1494.53,1.7099
9.4073,0.190681,9.17147,1.99946,3.52689e-05,4.20028e+06,41.8128,1494.53,1.71121
9.40729,0.192633,9.2526,1.9998,3.59119e-05,4.24072e+06,41.5596,1494.53,1.71253
9.40729,0.194613,9.33435,2.00014,3.65708e-05,4.2815e+06,41.3017,1494.53,1.71383
9.40729,0.19662,9.41674,2.00049,3.7246e-05,4.32262e+06,41.0392,1494.53,1.71514
9.40728,0.198656,9.49976,2.00085,3.79382e-05,4.36408e+06,40.772,1494.53,1.71644
9.40728,0.200722,9.58342,2.00121,3.8648e-05,4.40588e+06,40.5001,1494.53,1.71774
9.40727,0.202818,9.66772,2.00158,3.93758e-05,4.44803e+06,40.2235,1494.53,1.71903
9.40727,0.204944,9.75266,2.00196,4.01225e-05,4.49052e+06,39.9422,1494.53,1.72032
9.40727,0.207102,9.83823,2.00234,4.08886e-05,4.53336e+06,39.656,1494.53,1.72161
9.40726,0.209292,9.92445,2.00274,4.16748e-05,4.57655e+06,39.3651,1494.53,1.72289
9.40726,0.211516,10.0113,2.00314,4.24819e-05,4.62009e+06,39.0693,1494.53,1.72417
9.40725,0.213773,10.0988,2.00354,4.33106e-05,4.66397e+06,38.7687,1494.53,1.72544
9.40725,0.216065,10.187,2.00396,4.41616e-05,4.7082e+06,38.4631,1494.53,1.72671
9.40724,0.218393,10.2758,2.00438,4.5036e-05,4.75279e+06,38.1526,1494.53,1.72798
9.40724,0.220757,10.3653,2.00481,4.59344e-05,4.79773e+06,37.8372,1494.53,1.72925
9.40723,0.223159,10.4554,2.00525,4.68579e-05,4.84303e+06,37.5168,1494.53,1.73051
9.40723,0.225599,10.5461,2.0057,4.78074e-05,4.88867e+06,37.1914,1494.53,1.73176
9.40722,0.228079,10.6375,2.00616,4.87839e-05,4.93468e+06,36.861,1494.53,1.73301
9.40722,0.230599,10.7296,2.00663,4.97885e-05,4.98103e+06,36.5256,1494.53,1.73426
9.40722,0.233161,10.8223,2.00711,5.08223e-05,5.02774e+06,36.1851,1494.53,1.73551
9.40721,0.235766,10.9157,2.0076,5.18865e-05,5.07481e+06,35.8395,1494.53,1.73675
9.4072,0.238415,11.0097,2.0081,5.29823e-05,5.12224e+06,35.4888,1494.53,1.73798
9.4072,0.24111,11.1043,2.0086,5.41111e-05,5.17002e+06,35.133,1494.53,1.73922
9.40719,0.243851,11.1996,2.00912,5.52741e-05,5.21815e+06,34.7721,1494.53,1.74045
9.40719,0.24664,11.2956,2.00965,5.6473e-05,5.26664e+06,34.406,1494.53,1.74167
9.40718,0.249478,11.3922,2.0102,5.77091e-05,5.31549e+06,34.0348,1494.53,1.74289
9.40718,0.252368,11.4895,2.01075,5.89843e-05,5.36469e+06,33.6584,1494.53,1.74411
9.40717,0.255309,11.5873,2.01132,6.03001e-05,5.41424e+06,33.2769,1494.53,1.74532
9.40716,0.258305,11.6859,2.0119,6.16583e-05,5.46415e+06,32.8901,1494.53,1.74653
9.40716,0.261357,11.785,2.01249,6.30611e-05,5.51441e+06,32.4982,1494.53,1.74773
9.40715,0.264466,11.8848,2.0131,6.45102e-05,5.56502e+06,32.1011,1494.53,1.74893
9.40714,0.267634,11.9853,2.01372,6.6008e-05,5.61599e+06,31.6988,1494.53,1.75012
9.40714,0.270863,12.0863,2.01435,6.75568e-05,5.6673e+06,31.2914,1494.53,1.75131
9.40713,0.274156,12.188,2.015,6.9159e-05,5.71895e+06,30.8788,1494.53,1.7525
9.40712,0.277515,12.2903,2.01567,7.08172e-05,5.77095e+06,30.461,1494.53,1.75368
9.40711,0.28094,12.3932,2.01635,7.25341e-05,5.82329e+06,30.038,1494.53,1.75486
9.40711,0.284436,12.4967,2.01705,7.43128e-05,5.87598e+06,29.6099,1494.53,1.75603
9.4071,0.288005,12.6008,2.01777,7.61564e-05,5.92899e+06,29.1766,1494.53,1.7572
9.40709,0.291648,12.7056,2.0185,7.80683e-05,5.98235e+06,28.7383,1494.53,1.75836
9.40708,0.295369,12.8108,2.01925,8.0052e-05,6.03603e+06,28.2949,1494.53,1.75952
9.40708,0.299171,12.9167,2.02003,8.21115e-05,6.09004e+06,27.8464,1494.53,1.76067
9.40707,0.303057,13.0231,2.02082,8.42508e-05,6.14437e+06,27.3929,1494.53,1.76182
9.40706,0.307029,13.1301,2.02163,8.64744e-05,6.19902e+06,26.9344,1494.53,1.76296
9.40705,0.311092,13.2377,2.02247,8.8787e-05,6.25398e+06,26.4709,1494.53,1.7641
9.40704,0.315248,13.3458,2.02332,9.11938e-05,6.30926e+06,26.0026,1494.53,1.76523
9.40703,0.319502,13.4544,2.0242,9.37002e-05,6.36483e+06,25.5293,1494.53,1.76636
9.40702,0.323858,13.5635,2.02511,9.63123e-05,6.4207e+06,25.0513,1494.53,1.76748
9.40701,0.328319,13.6731,2.02604,9.90363e-05,6.47686e+06,24.5685,1494.53,1.7686
9.407,0.332891,13.7832,2.027,0.000101879,6.53331e+06,24.0811,1494.53,1.76971
9.40699,0.337578,13.8937,2.02799,0.000104849,6.59003e+06,23.589,1494.53,1.77082
9.40698,0.342386,14.0048,2.029,0.000107953,6.64702e+06,23.0925,1494.53,1.77192
9.40697,0.347319,14.1162,2.03005,0.0001112,6.70427e+06,22.5914,1494.53,1.77301
9.40696,0.352383,14.2281,2.03112,0.0001146,6.76176e+06,22.0861,1494.53,1.7741
9.40694,0.357586,14.3403,2.03223,0.000118164,6.8195e+06,21.5765,1494.53,1.77518
9.40693,0.362933,14.4529,2.03338,0.000121903,6.87746e+06,21.0627,1494.53,1.77626
9.40692,0.368431,14.5659,2.03456,0.000125828,6.93565e+06,20.545,1494.53,1.77733
9.40691,0.374088,14.6792,2.03579,0.000129955,6.99403e+06,20.0234,1494.53,1.77839
9.40689,0.379913,14.7927,2.03705,0.000134298,7.05261e+06,19.498,1494.53,1.77945
9.40688,0.385914,14.9066,2.03835,0.000138873,7.11137e+06,18.969,1494.53,1.78049
9.40686,0.392101,15.0206,2.03971,0.0001437,7.17028e+06,18.4367,1494.53,1.78154
9.40685,0.398483,15.1349,2.04111,0.000148797,7.22934e+06,17.901,1494.53,1.78257
9.40683,0.405073,15.2493,2.04256,0.000154187,7.28853e+06,17.3623,1494.53,1.7836
9.40682,0.411883,15.3638,2.04406,0.000159895,7.34783e+06,16.8208,1494.53,1.78462
9.4068,0.418924,15.4785,2.04562,0.000165948,7.40721e+06,16.2766,1494.53,1.78563
9.40678,0.426213,15.5931,2.04724,0.000172378,7.46667e+06,15.73,1494.53,1.78663
9.40676,0.433764,15.7077,2.04892,0.000179219,7.52616e+06,15.1813,1494.53,1.78763
9.40675,0.441594,15.8223,2.05068,0.000186509,7.58567e+06,14.6308,1494.53,1.78861
9.40673,0.449723,15.9368,2.05251,0.000194293,7.64517e+06,14.0786,1494.53,1.78959
9.40671,0.458171,16.051,2.05441,0.000202619,7.70463e+06,13.5252,1494.53,1.79056
9.40668,0.466961,16.165,2.0564,0.000211545,7.76402e+06,12.971,1494.53,1.79152
9.40666,0.476118,16.2787,2.05848,0.000221133,7.82331e+06,12.4162,1494.53,1.79246
9.40664,0.485671,16.392,2.06066,0.000231458,7.88246e+06,11.8612,1494.53,1.7934
9.40661,0.49565,16.5049,2.06294,0.000242604,7.94142e+06,11.3066,1494.53,1.79433
9.40659,0.506091,16.6171,2.06533,0.000254668,8.00017e+06,10.7528,1494.53,1.79524
9.40656,0.517034,16.7288,2.06785,0.000267765,8.05864e+06,10.2003,1494.53,1.79615
9.40653,0.528522,16.8396,2.0705,0.000282025,8.11679e+06,9.64953,1494.53,1.79704
9.4065,0.540607,16.9496,2.0733,0.000297606,8.17457e+06,9.10126,1494.53,1.79791
9.40647,0.553345,17.0586,2.07626,0.000314691,8.23192e+06,8.5561,1494.53,1.79878
9.40644,0.566803,17.1664,2.07939,0.0003335,8.28877e+06,8.0147,1494.53,1.79963
9.4064,0.581058,17.273,2.08273,0.000354296,8.34505e+06,7.47788,1494.53,1.80046
9.40636,0.596196,17.3782,2.08627,0.0003774,8.40069e+06,6.9464,1494.53,1.80128
9.40632,0.612323,17.4818,2.09007,0.0004032,8.4556e+06,6.42125,1494.53,1.80209
9.40628,0.629559,17.5835,2.09413,0.000432178,8.50968e+06,5.90334,1494.53,1.80287
9.40623,0.648051,17.6832,2.0985,0.000464937,8.56285e+06,5.39382,1494.53,1.80364
9.40618,0.667971,17.7807,2.10322,0.000502236,8.61498e+06,4.89394,1494.53,1.80438
9.40613,0.689533,17.8757,2.10835,0.000545049,8.66595e+06,4.40489,1494.53,1.80511
9.40606,0.712997,17.9679,2.11394,0.000594646,8.71562e+06,3.9282,1494.53,1.80581
9.406,0.738689,18.0569,2.12008,0.000652712,8.76384e+06,3.46553,1494.53,1.80648
9.40593,0.767021,18.1424,2.12686,0.000721526,8.81043e+06,3.01856,1494.53,1.80713
9.40584,0.798531,18.224,2.13442,0.000804254,8.8552e+06,2.58945,1494.53,1.80775
9.40575,0.833928,18.3012,2.14294,0.000905409,8.89791e+06,2.18036,1494.53,1.80834
9.40565,0.874178,18.3734,2.15264,0.00103166,8.93833e+06,1.79387,1494.53,1.80889
9.40553,0.920646,18.44,2.16386,0.00119327,8.97615e+06,1.43292,1494.53,1.80941
9.40539,0.975336,18.5002,2.17709,0.00140685,9.01104e+06,1.10066,1494.53,1.80988
9.40521,1.04137,18.5531,2.19308,0.0017012,9.04258e+06,0.801007,1494.53,1.81031
9.405,1.12395,18.5975,2.21312,0.00213075,9.0703e+06,0.538288,1494.53,1.81068
9.40474,1.22395,18.6294,2.23741,0.00258293,9.0936e+06,0.318411,1494.53,1.81099
9.40448,1.32395,18.6456,2.26171,0.00258505,9.11029e+06,0.161868,1494.53,1.81122
9.40421,1.42395,18.6537,2.28603,0.00258613,9.11878e+06,0.0808339,1494.53,1.81133
9.40395,1.52395,18.6575,2.31035,0.00258667,9.12302e+06,0.0385602,1494.53,1.81139
9.40369,1.62395,18.6591,2.33468,0.00258692,9.12504e+06,0.016265,1494.53,1.81141
9.40343,1.72395,18.6596,2.359,0.00258703,9.12589e+06,0.00445988,1494.53,1.81142
9.40317,1.82395,18.6594,2.38333,0.00258706,9.12613e+06,-0.00190438,1494.53,1.81143
9.4029,1.92395,18.6589,2.40766,0.00258705,9.12603e+06,-0.00534787,1494.53,1.81143
9.40264,2.02395,18.6581,2.43198,0.00258701,9.12575e+06,-0.00721563,1494.53,1.81142
9.40238,2.12395,18.6573,2.45631,0.00258696,9.12537e+06,-0.00821037,1494.53,1.81142
9.40212,2.22395,18.6564,2.48063,0.00258691,9.12494e+06,-0.0088035,1494.53,1.81141
9.40186,2.32395,18.6555,2.50496,0.00258685,9.12448e+06,-0.00909812,1494.53,1.8114
9.4016,2.42395,18.6546,2.52928,0.00258679,9.124e+06,-0.0092875,1494.53,1.8114
9.40133,2.52395,18.6537,2.5536,0.00258673,9.12351e+06,-0.00938637,1494.53,1.81139
9.40107,2.62395,18.6527,2.57791,0.00258667,9.12302e+06,-0.00947175,1494.53,1.81139
9.40081,2.72395,18.6518,2.60223,0.0025866,9.12253e+06,-0.00950237,1494.53,1.81138
9.40055,2.82395,18.6508,2.62654,0.00258654,9.12203e+06,-0.00948175,1494.53,1.81137
9.40029,2.92395,18.6499,2.65085,0.00258648,9.12153e+06,-0.00953188,1494.53,1.81137
9.40003,3.02395,18.6489,2.67517,0.00258641,9.12103e+06,-0.0095305,1494.53,1.81136
9.39976,3.12395,18.648,2.69948,0.00258635,9.12053e+06,-0.00953912,1494.53,1.81135
9.3995,3.22395,18.647,2.72379,0.00258629,9.12003e+06,-0.00952812,1494.53,1.81135
9.39924,3.32395,18.6461,2.7481,0.00258622,9.11953e+06,-0.00952713,1494.53,1.81134
9.39898,3.42395,18.6451,2.77241,0.00258616,9.11903e+06,-0.00952613,1494.53,1.81133
9.39872,3.52395,18.6441,2.79672,0.0025861,9.11853e+06,-0.00952525,1494.53,1.81133
9.39846,3.62395,18.6432,2.82103,0.00258603,9.11803e+06,-0.00951513,1494.53,1.81132
9.39819,3.72395,18.6422,2.84533,0.00258597,9.11753e+06,-0.00953288,1494.53,1.81131
9.39793,3.82395,18.6413,2.86963,0.00258591,9.11703e+06,-0.00953188,1494.53,1.81131
9.39767,3.92395,18.6403,2.89393,0.00258584,9.11653e+06,-0.00953988,1494.53,1.8113
9.39741,4.02395,18.6394,2.91822,0.00258578,9.11604e+06,-0.00953887,1494.53,1.81129
9.39715,4.12395,18.6384,2.94252,0.00258572,9.11554e+06,-0.00953775,1494.53,1.81129
9.39689,4.22395,18.6375,2.96682,0.00258565,9.11504e+06,-0.00953675,1494.53,1.81128
9.39662,4.32395,18.6365,2.99112,0.00258559,9.11454e+06,-0.009518,1494.53,1.81127
9.39636,4.42395,18.6356,3.01541,0.00258553,9.11404e+06,-0.00953475,1494.53,1.81127
9.3961,4.52395,18.6346,3.03971,0.00258546,9.11354e+06,-0.00953387,1494.53,1.81126
9.39584,4.62395,18.6337,3.064,0.0025854,9.11304e+06,-0.00952412,1494.53,1.81125
9.39558,4.72395,18.6327,3.0883,0.00258534,9.11254e+06,-0.00954088,1494.53,1.81125
9.39531,4.82395,18.6318,3.11259,0.00258527,9.11204e+06,-0.009574,1494.53,1.81124
9.39504,4.92395,18.6308,3.13687,0.00258521,9.11153e+06,-0.00966475,1494.53,1.81123
9.39477,5.02395,18.6298,3.16116,0.00258514,9.11103e+06,-0.00975325,1494.53,1.81123
9.3945,5.12395,18.6288,3.18544,0.00258508,9.11052e+06,-0.00980575,1494.53,1.81122
9.39423,5.22395,18.6278,3.20972,0.00258501,9.11e+06,-0.009832,1494.53,1.81121
9.39396,5.32395,18.6269,3.234,0.00258495,9.10949e+06,-0.009841,1494.53,1.8112
9.39368,5.42395,18.6259,3.25829,0.00258488,9.10897e+06,-0.00984962,1494.53,1.8112
9.39341,5.52395,18.6249,3.28257,0.00258482,9.10846e+06,-0.0098825,1494.53,1.81119
9.39314,5.62395,18.6239,3.30685,0.00258475,9.10794e+06,-0.00986612,1494.53,1.81118
9.39287,5.72395,18.6229,3.33113,0.00258469,9.10742e+06,-0.00988237,1494.53,1.81118
9.3926,5.82395,18.6219,3.35541,0.00258462,9.1069e+06,-0.00988963,1494.53,1.81117
9.39233,5.92395,18.6209,3.37969,0.00258455,9.10638e+06,-0.0098735,1494.53,1.81116
9.39206,6.02395,18.62,3.40396,0.00258449,9.10587e+06,-0.00984975,1494.53,1.81116
9.39179,6.12395,18.619,3.42823,0.00258442,9.10535e+06,-0.0097885,1494.53,1.81115
9.39153,6.22395,18.618,3.4525,0.00258436,9.10484e+06,-0.00976687,1494.53,1.81114
9.39126,6.32395,18.617,3.47677,0.00258429,9.10433e+06,-0.00974625,1494.53,1.81114
9.39099,6.42395,18.6161,3.50103,0.00258423,9.10381e+06,-0.00973388,1494.53,1.81113
9.39073,6.52395,18.6151,3.5253,0.00258416,9.1033e+06,-0.00970625,1494.53,1.81112
9.39046,6.62395,18.6141,3.54957,0.0025841,9.1028e+06,-0.00970975,1494.53,1.81112
9.39019,6.72395,18.6131,3.57383,0.00258403,9.10229e+06,-0.00970562,1494.53,1.81111
9.38993,6.82395,18.6122,3.5981,0.00258397,9.10178e+06,-0.00971637,1494.53,1.8111
9.38966,6.92395,18.6112,3.62236,0.0025839,9.10127e+06,-0.00969775,1494.53,1.81109
9.38939,7.02395,18.6102,3.64663,0.00258384,9.10076e+06,-0.00970837,1494.53,1.81109
9.38913,7.12395,18.6093,3.67089,0.00258377,9.10025e+06,-0.00971925,1494.53,1.81108
9.38886,7.22395,18.6083,3.69514,0.00258371,9.09974e+06,-0.00970037,1494.53,1.81107
9.3886,7.32395,18.6073,3.7194,0.00258364,9.09923e+06,-0.00968963,1494.53,1.81107
9.38833,7.42395,18.6063,3.74365,0.00258358,9.09872e+06,-0.00968575,1494.53,1.81106
9.38806,7.52395,18.6054,3.7679,0.00258352,9.09822e+06,-0.0096895,1494.53,1.81105
9.3878,7.62395,18.6044,3.79216,0.00258345,9.09771e+06,-0.00969325,1494.53,1.81105
9.38753,7.72395,18.6034,3.81641,0.00258339,9.0972e+06,-0.00968275,1494.53,1.81104
9.38727,7.82395,18.6025,3.84066,0.00258332,9.09669e+06,-0.00968638,1494.53,1.81103
9.387,7.92395,18.6015,3.86491,0.00258326,9.09618e+06,-0.009676,1494.53,1.81103
9.38673,8.02395,18.6005,3.88916,0.00258319,9.09568e+06,-0.00969363,1494.53,1.81102
9.38647,8.12395,18.5996,3.91341,0.00258313,9.09517e+06,-0.0096835,1494.53,1.81101
9.3862,8.22395,18.5986,3.93766,0.00258306,9.09466e+06,-0.009687,1494.53,1.81101
9.38593,8.32395,18.5976,3.9619,0.002583,9.09415e+06,-0.0096905,1494.53,1.811
9.38567,8.42395,18.5967,3.98614,0.00258293,9.09365e+06,-0.00968075,1494.53,1.81099
9.3854,8.52395,18.5957,4.01038,0.00258287,9.09314e+06,-0.00969075,1494.53,1.81099
9.38514,8.62395,18.5947,4.03462,0.0025828,9.09263e+06,-0.00968775,1494.53,1.81098
9.38487,8.72395,18.5938,4.05886,0.00258274,9.09212e+06,-0.0096715,1494.53,1.81097
9.3846,8.82395,18.5928,4.0831,0.00258268,9.09162e+06,-0.00969488,1494.53,1.81097
9.38434,8.92395,18.5918,4.10733,0.00258261,9.09111e+06,-0.00967862,1494.53,1.81096
9.38407,9.02395,18.5909,4.13157,0.00258255,9.0906e+06,-0.00968887,1494.53,1.81095
9.3838,9.12395,18.5899,4.1558,0.00258248,9.09009e+06,-0.00970487,1494.53,1.81095
9.38354,9.22395,18.5889,4.18004,0.00258242,9.08958e+06,-0.00970188,1494.53,1.81094
9.38327,9.32395,18.5879,4.20427,0.00258235,9.08908e+06,-0.00967988,1494.53,1.81093
9.38301,9.42395,18.587,4.22851,0.00258229,9.08857e+06,-0.00968312,1494.53,1.81092
9.38274,9.52395,18.586,4.25273,0.00258222,9.08806e+06,-0.00970513,1494.53,1.81092
9.38247,9.62395,18.585,4.27696,0.00258216,9.08755e+06,-0.00970181,1494.53,1.81091
9.3822,9.72396,18.5841,4.30118,0.00258209,9.08704e+06,-0.00974831,1494.53,1.8109
9.38193,9.82396,18.5831,4.3254,0.00258203,9.08653e+06,-0.00973819,1494.53,1.8109
9.38166,9.92396,18.5821,4.34962,0.00258196,9.08602e+06,-0.00975288,1494.53,1.81089
9.38139,10.024,18.5811,4.37385,0.0025819,9.08551e+06,-0.00976125,1494.53,1.81088
9.38113,10.124,18.5802,4.39807,0.00258183,9.085e+06,-0.00975731,1494.53,1.81088
9.38086,10.224,18.5792,4.42229,0.00258177,9.08448e+06,-0.00974719,1494.53,1.81087
9.38059,10.324,18.5782,4.44651,0.0025817,9.08397e+06,-0.0097795,1494.53,1.81086
9.38032,10.424,18.5772,4.47073,0.00258164,9.08346e+06,-0.00976344,1494.53,1.81086
9.38005,10.524,18.5762,4.49495,0.00258157,9.08295e+06,-0.00975944,1494.53,1.81085
9.37978,10.624,18.5753,4.51916,0.00258151,9.08244e+06,-0.00976156,1494.53,1.81084
9.37951,10.724,18.5743,4.54337,0.00258144,9.08193e+06,-0.009752,1494.53,1.81084
9.37925,10.824,18.5733,4.56758,0.00258138,9.08142e+06,-0.00974856,1494.53,1.81083
9.37898,10.924,18.5723,4.59179,0.00258131,9.0809e+06,-0.00973331,1494.53,1.81082
9.37871,11.024,18.5714,4.616,0.00258125,9.08039e+06,-0.009736,1494.53,1.81082
9.37845,11.124,18.5704,4.6402,0.00258118,9.07988e+06,-0.00973275,1494.53,1.81081
9.37818,11.224,18.5694,4.66441,0.00258112,9.07937e+06,-0.00974106,1494.53,1.8108
9.37791,11.324,18.5685,4.68862,0.00258105,9.07886e+06,-0.00974363,1494.53,1.81079
9.37764,11.424,18.5675,4.71282,0.00258099,9.07835e+06,-0.00972313,1494.53,1.81079
9.37738,11.524,18.5665,4.73703,0.00258092,9.07784e+06,-0.00972588,1494.53,1.81078
9.37711,11.624,18.5655,4.76123,0.00258086,9.07733e+06,-0.00973412,1494.53,1.81077
9.37684,11.724,18.5646,4.78543,0.00258079,9.07682e+06,-0.00972538,1494.53,1.81077
9.37657,11.824,18.5636,4.80963,0.00258073,9.07631e+06,-0.00971706,1494.53,1.81076
9.37631,11.924,18.5626,4.83383,0.00258066,9.0758e+06,-0.00972544,1494.53,1.81075
9.37604,12.024,18.5616,4.85802,0.0025806,9.0753e+06,-0.0097115,1494.53,1.81075
9.37577,12.124,18.5607,4.88221,0.00258053,9.07478e+06,-0.00971438,1494.53,1.81074
9.37551,12.224,18.5597,4.9064,0.00258047,9.07428e+06,-0.00970625,1494.53,1.81073
9.37524,12.324,18.5587,4.9306,0.0025804,9.07377e+06,-0.00971456,1494.53,1.81073
9.37497,12.424,18.5578,4.95479,0.00258034,9.07326e+06,-0.00971725,1494.53,1.81072
9.37471,12.524,18.5568,4.97898,0.00258028,9.07275e+06,-0.00971481,1494.53,1.81071
9.37444,12.624,18.5558,5.00317,0.00258021,9.07224e+06,-0.00971237,1494.53,1.81071
9.37417,12.724,18.5549,5.02736,0.00258015,9.07173e+06,-0.00970975,1494.53,1.8107
9.3739,12.824,18.5539,5.05155,0.00258008,9.07122e+06,-0.00971788,1494.53,1.81069
9.37364,12.924,18.5529,5.07573,0.00258002,9.07071e+06,-0.00970475,1494.53,1.81069
9.37343,13.024,18.552,5.09991,0.00257995,9.0702e+06,-0.00927625,1494.53,1.81068
9.37322,13.124,18.5511,5.12409,0.00257989,9.06972e+06,-0.00892812,1494.53,1.81067
9.37301,13.224,18.5502,5.14827,0.00257983,9.06925e+06,-0.00865356,1494.53,1.81067
9.3728,13.324,18.5494,5.17245,0.00257977,9.0688e+06,-0.00844031,1494.53,1.81066
9.37259,13.424,18.5486,5.19663,0.00257972,9.06836e+06,-0.00828731,1494.53,1.81065
9.37238,13.524,18.5477,5.22081,0.00257966,9.06792e+06,-0.00815237,1494.53,1.81065
9.37217,13.624,18.5469,5.24498,0.00257961,9.0675e+06,-0.00804519,1494.53,1.81064
9.37196,13.724,18.5461,5.26916,0.00257955,9.06707e+06,-0.007955,1494.53,1.81064
9.37175,13.824,18.5453,5.29334,0.0025795,9.06666e+06,-0.0078965,1494.53,1.81063
9.37154,13.924,18.5446,5.31751,0.00257945,9.06624e+06,-0.00784913,1494.53,1.81063
9.37133,14.024,18.5438,5.34169,0.00257939,9.06583e+06,-0.00779744,1494.53,1.81062
9.37136,14.124,18.5432,5.36586,0.00257934,9.06542e+06,-0.0059535,1494.53,1.81061
9.37181,14.224,18.543,5.39003,0.0025793,9.06511e+06,-0.00153594,1494.53,1.81061
9.37225,14.324,18.5432,5.4142,0.00257929,9.06503e+06,0.00198525,1494.53,1.81061
9.37269,14.424,18.5437,5.43837,0.00257931,9.06513e+06,0.00478612,1494.53,1.81061
9.37313,14.524,18.5444,5.46254,0.00257934,9.06538e+06,0.00701831,1494.53,1.81061
9.37357,14.624,18.5453,5.48671,0.00257938,9.06575e+06,0.00881006,1494.53,1.81062
9.37402,14.724,18.5463,5.51088,0.00257944,9.06621e+06,0.0102339,1494.53,1.81062
9.37446,14.824,18.5475,5.53505,0.00257951,9.06675e+06,0.0113645,1494.53,1.81063
9.3749,14.924,18.5487,5.55922,0.00257959,9.06734e+06,0.0122947,1494.53,1.81064
9.37534,15.024,18.55,5.5834,0.00257967,9.06799e+06,0.0130088,1494.53,1.81065
9.37579,15.124,18.5513,5.60757,0.00257976,9.06867e+06,0.0136072,1494.53,1.81066
9.37623,15.224,18.5528,5.63175,0.00257985,9.06938e+06,0.0140916,1494.53,1.81067
9.37999,15.324,18.5565,5.65598,0.00257994,9.07012e+06,0.0375141,1494.53,1.81068
9.38486,15.424,18.5629,5.68024,0.00258019,9.07209e+06,0.0640523,1494.53,1.8107
9.38972,15.524,18.5715,5.7045,0.00258062,9.07545e+06,0.0854611,1494.53,1.81075
9.39459,15.624,18.5817,5.72876,0.00258119,9.07993e+06,0.102779,1494.53,1.81081
9.39947,15.724,18.5934,5.75303,0.00258187,9.08532e+06,0.116777,1494.53,1.81088
9.40434,15.824,18.6062,5.77731,0.00258265,9.09144e+06,0.128131,1494.53,1.81096
9.40921,15.924,18.62,5.8016,0.00258351,9.09815e+06,0.137344,1494.53,1.81105
9.41409,16.024,18.6344,5.82589,0.00258442,9.10535e+06,0.144851,1494.53,1.81115
9.41896,16.124,18.6495,5.8502,0.00258539,9.11295e+06,0.150959,1494.53,1.81125
9.42384,16.224,18.6651,5.87451,0.00258639,9.12086e+06,0.155941,1494.53,1.81136
9.42872,16.324,18.6811,5.89884,0.00258743,9.12904e+06,0.16003,1494.53,1.81147
9.43403,16.424,18.6978,5.9232,0.00258849,9.13743e+06,0.166167,1494.53,1.81158
9.44196,16.524,18.7166,5.94774,0.0025896,9.14614e+06,0.188615,1494.53,1.81169
9.4499,16.624,18.7373,5.97229,0.00259085,9.15603e+06,0.20697,1494.53,1.81182
9.45784,16.724,18.7595,5.99686,0.00259223,9.16689e+06,0.222013,1494.53,1.81197
9.46578,16.824,18.783,6.02144,0.0025937,9.17853e+06,0.23437,1494.53,1.81212
9.47373,16.924,18.8074,6.04603,0.00259526,9.19082e+06,0.244525,1494.53,1.81229
9.48169,17.024,18.8327,6.07064,0.00259688,9.20365e+06,0.252915,1494.53,1.81246
9.48965,17.124,18.8587,6.09527,0.00259855,9.21691e+06,0.259862,1494.53,1.81263
9.49761,17.224,18.8852,6.11991,0.00260027,9.23055e+06,0.265606,1494.53,1.81281
9.50558,17.324,18.9123,6.14457,0.00260203,9.24448e+06,0.270414,1494.53,1.81299
9.51356,17.424,18.9397,6.16924,0.00260382,9.25867e+06,0.274423,1494.53,1.81318
9.52154,17.524,18.9675,6.19393,0.00260563,9.27307e+06,0.277774,1494.53,1.81337
9.53072,17.624,18.9963,6.2188,0.00260747,9.28764e+06,0.288246,1494.53,1.81356
9.54075,17.724,19.0266,6.2438,0.00260937,9.30277e+06,0.302276,1494.53,1.81376
9.55078,17.824,19.0579,6.26882,0.00261136,9.31864e+06,0.313927,1494.53,1.81396
9.56082,17.924,19.0903,6.29386,0.00261343,9.33512e+06,0.323658,1494.53,1.81418
9.57087,18.024,19.1235,6.31892,0.00261556,9.3521e+06,0.331783,1494.53,1.8144
9.58093,18.124,19.1574,6.344,0.00261774,9.36952e+06,0.338609,1494.53,1.81462
9.591,18.224,19.1918,6.3691,0.00261996,9.3873e+06,0.344373,1494.53,1.81485
9.60107,18.324,19.2267,6.39423,0.00262222,9.40538e+06,0.349228,1494.53,1.81509
9.61116,18.424,19.2621,6.41937,0.00262451,9.42372e+06,0.35337,1494.53,1.81532
9.62125,18.524,19.2977,6.44454,0.00262682,9.44228e+06,0.35691,1494.53,1.81556
9.63136,18.624,19.3337,6.46973,0.00262916,9.46103e+06,0.359967,1494.53,1.8158
9.64165,18.724,19.3701,6.49499,0.00263151,9.47994e+06,0.36375,1494.53,1.81604
9.65317,18.824,19.4076,6.52055,0.00263389,9.49905e+06,0.374405,1494.53,1.81629
9.66469,18.924,19.4459,6.54613,0.00263633,9.51872e+06,0.383397,1494.53,1.81654
9.67623,19.024,19.485,6.57174,0.00263883,9.53887e+06,0.391014,1494.53,1.81679
9.68777,19.124,19.5247,6.59737,0.00264137,9.55942e+06,0.397513,1494.53,1.81705
9.69933,19.224,19.5651,6.62303,0.00264396,9.58031e+06,0.403055,1494.53,1.81732
9.7109,19.324,19.6058,6.64871,0.00264658,9.6015e+06,0.407811,1494.53,1.81758
9.72248,19.424,19.647,6.67442,0.00264922,9.62294e+06,0.411918,1494.53,1.81785
9.73407,19.524,19.6886,6.70016,0.00265189,9.64459e+06,0.415484,1494.53,1.81812
9.74568,19.624,19.7304,6.72592,0.00265458,9.66644e+06,0.418612,1494.53,1.8184
9.75729,19.724,19.7726,6.75171,0.00265729,9.68846e+06,0.42137,1494.53,1.81867
9.76892,19.824,19.815,6.77752,0.00266001,9.71062e+06,0.423803,1494.53,1.81895
9.78137,19.924,19.858,6.80365,0.00266275,9.73291e+06,0.430763,1494.53,1.81922
9.79402,20.024,19.9018,6.82989,0.00266553,9.75557e+06,0.437936,1494.53,1.8195
9.80669,20.124,19.9462,6.85615,0.00266835,9.77861e+06,0.444099,1494.53,1.81979
9.81938,20.224,19.9912,6.88244,0.0026712,9.80198e+06,0.449431,1494.53,1.82008
9.83208,20.324,20.0366,6.90875,0.00267409,9.82563e+06,0.454086,1494.53,1.82037
9.84479,20.424,20.0824,6.9351,0.002677,9.84953e+06,0.458149,1494.53,1.82066
9.85751,20.524,20.1286,6.96147,0.00267994,9.87365e+06,0.461737,1494.53,1.82095
9.87025,20.624,20.1751,6.98788,0.0026829,9.89796e+06,0.464909,1494.53,1.82125
9.88301,20.724,20.2218,7.01431,0.00268587,9.92244e+06,0.467743,1494.53,1.82154
9.89577,20.824,20.2689,7.04077,0.00268886,9.94707e+06,0.470303,1494.53,1.82184
9.90856,20.924,20.3161,7.06727,0.00269186,9.97184e+06,0.472608,1494.53,1.82214
9.92181,21.024,20.3639,7.09403,0.00269487,9.99673e+06,0.47736,1494.53,1.82244
9.93539,21.124,20.4122,7.12097,0.0026979,1.00219e+07,0.483291,1494.53,1.82274
9.94898,21.224,20.461,7.14795,0.00270098,1.00473e+07,0.488497,1494.53,1.82305
9.96259,21.324,20.5103,7.17496,0.00270408,1.00731e+07,0.493064,1494.53,1.82335
9.97622,21.424,20.5601,7.202,0.0027072,1.00991e+07,0.497113,1494.53,1.82366
9.98986,21.524,20.6101,7.22907,0.00271035,1.01253e+07,0.500718,1494.53,1.82397
10.0035,21.624,20.6605,7.25618,0.00271352,1.01517e+07,0.503944,1494.53,1.82428
10.0172,21.724,20.7112,7.28331,0.0027167,1.01782e+07,0.506873,1494.53,1.8246
10.0309,21.824,20.7622,7.31048,0.0027199,1.0205e+07,0.509513,1494.53,1.82491
10.0446,21.924,20.8134,7.33768,0.00272311,1.02318e+07,0.51195,1494.53,1.82523
10.0583,22.024,20.8648,7.36491,0.00272633,1.02588e+07,0.514184,1494.53,1.82554
10.0563,22.124,20.9076,7.3924,0.00272956,1.02859e+07,0.428147,1494.53,1.82586
10.0408,22.224,20.9354,7.42011,0.00273224,1.03085e+07,0.278558,1494.53,1.82612
10.0252,22.324,20.9505,7.44784,0.00273399,1.03232e+07,0.151055,1494.53,1.82629
10.0096,22.424,20.9548,7.47558,0.00273494,1.03312e+07,0.0423825,1494.53,1.82638
9.994,22.524,20.9498,7.50333,0.0027352,1.03334e+07,-0.0501939,1494.53,1.82641
9.97841,22.624,20.9369,7.53107,0.00273489,1.03308e+07,-0.129033,1494.53,1.82638
9.96282,22.724,20.9172,7.5588,0.00273408,1.0324e+07,-0.19616,1494.53,1.8263
9.94724,22.824,20.8919,7.58652,0.00273285,1.03136e+07,-0.253313,1494.53,1.82618
9.93167,22.924,20.8617,7.61422,0.00273126,1.03003e+07,-0.301927,1494.53,1.82602
9.91611,23.024,20.8274,7.6419,0.00272937,1.02843e+07,-0.343283,1494.53,1.82584
9.90057,23.124,20.7895,7.66956,0.00272721,1.02662e+07,-0.378452,1494.53,1.82563
9.64108,23.224,20.6172,7.68868,0.00272483,1.02463e+07,-1.72361,1494.53,1.82539
9.18792,23.324,20.2265,7.70092,0.00271396,1.01554e+07,-3.90657,1494.53,1.82433
8.76055,23.4192,19.6936,7.71247,0.00255947,9.94954e+06,-5.599,1494.53,1.82187
8.36524,23.5084,19.0815,7.72315,0.00236757,9.6691e+06,-6.86434,1494.53,1.81843
8.00266,23.5914,18.4345,7.73294,0.00217146,9.34747e+06,-7.79083,1494.53,1.81434
7.67154,23.6685,17.7825,7.74189,0.00198308,9.00818e+06,-8.45682,1494.53,1.80984
7.36976,23.74,17.1444,7.75004,0.00180734,8.66688e+06,-8.92568,1494.53,1.80512
7.09492,23.8063,16.5316,7.75747,0.00164604,8.33353e+06,-9.24679,1494.53,1.80029
6.84456,23.8677,15.9507,7.76423,0.00149942,8.01411e+06,-9.45779,1494.53,1.79546
6.61631,23.9247,15.4045,7.7704,0.00136697,7.71187e+06,-9.58709,1494.53,1.79067
6.40797,23.9775,14.8939,7.77603,0.00124778,7.42829e+06,-9.65606,1494.53,1.78599
6.21749,24.0267,14.4182,7.78117,0.00114079,7.16371e+06,-9.68071,1494.53,1.78142
6.04303,24.0724,13.9761,7.78589,0.00104488,6.91771e+06,-9.67301,1494.53,1.777
5.8829,24.115,13.5655,7.79021,0.000958979,6.68946e+06,-9.64192,1494.53,1.77273
5.73563,24.1547,13.1843,7.79419,0.000882049,6.47789e+06,-9.59413,1494.53,1.76862
5.59986,24.1918,12.8302,7.79786,0.000813149,6.2818e+06,-9.53464,1494.53,1.76467
5.47439,24.2266,12.5011,7.80125,0.000751418,6.09997e+06,-9.4672,1494.53,1.76088
5.35817,24.2592,12.1947,7.80439,0.000696078,5.93122e+06,-9.3945,1494.53,1.75725
5.25023,24.2899,11.9091,7.80731,0.000646434,5.77438e+06,-9.31865,1494.53,1.75376
5.14974,24.3187,11.6424,7.81002,0.000601862,5.62839e+06,-9.24114,1494.53,1.75041
5.05592,24.346,11.3929,7.81256,0.000561808,5.49225e+06,-9.16307,1494.53,1.7472
4.96814,24.3717,11.1589,7.81493,0.000525779,5.36503e+06,-9.08518,1494.53,1.74411
4.88576,24.3961,10.939,7.81715,0.000493338,5.24591e+06,-9.00807,1494.53,1.74115
4.84764,24.4193,10.7355,7.81672,0.000464096,5.13412e+06,-8.7806,1494.53,1.73829
4.81227,24.4414,10.5462,7.81626,0.000438196,5.03075e+06,-8.5696,1494.53,1.73559
4.77876,24.4625,10.3695,7.81583,0.000415234,4.93474e+06,-8.37513,1494.53,1.73302
4.74689,24.4827,10.2036,7.81543,0.000394851,4.84516e+06,-8.19503,1494.53,1.73057
4.71648,24.5022,10.0475,7.81504,0.000376736,4.76122e+06,-8.02747,1494.53,1.72822
4.68738,24.5209,9.89978,7.81467,0.000360618,4.68223e+06,-7.87088,1494.53,1.72597
4.65943,24.5391,9.75963,7.81431,0.000346261,4.60762e+06,-7.72393,1494.53,1.7238
4.63252,24.5567,9.62618,7.81396,0.000333459,4.53688e+06,-7.58548,1494.53,1.72171
4.60652,24.5738,9.49869,7.81363,0.000322031,4.46958e+06,-7.45456,1494.53,1.71969
4.58136,24.5904,9.37652,7.81331,0.000311818,4.40534e+06,-7.33029,1494.53,1.71772
4.55693,24.6067,9.25911,7.813,0.000302681,4.34384e+06,-7.21198,1494.53,1.71581
4.53316,24.6227,9.14599,7.81269,0.000294498,4.28478e+06,-7.09899,1494.53,1.71394
4.50998,24.6383,9.03672,7.8124,0.000287159,4.22792e+06,-6.99076,1494.53,1.71211
4.48733,24.6537,8.93095,7.81211,0.000280569,4.17304e+06,-6.88681,1494.53,1.71032
4.46516,24.6688,8.82833,7.81182,0.000274644,4.11996e+06,-6.78674,1494.53,1.70856
4.44343,24.6837,8.72858,7.81155,0.000269309,4.0685e+06,-6.69016,1494.53,1.70684
4.42208,24.6984,8.63146,7.81127,0.000264498,4.01851e+06,-6.59678,1494.53,1.70513
4.40108,24.713,8.53673,7.811,0.000260154,3.96988e+06,-6.5063,1494.53,1.70345
4.3804,24.7274,8.44421,7.81074,0.000256222,3.92248e+06,-6.41847,1494.53,1.70179
4.36,24.7417,8.35371,7.81048,0.000252659,3.87622e+06,-6.33307,1494.53,1.70014
4.33987,24.7558,8.26509,7.81022,0.000249423,3.831e+06,-6.24993,1494.53,1.69852
4.31998,24.7699,8.17821,7.80997,0.000246478,3.78676e+06,-6.16885,1494.53,1.6969
4.3003,24.7839,8.09294,7.80972,0.000243791,3.74341e+06,-6.08971,1494.53,1.69529
4.28082,24.7979,8.00919,7.80947,0.000241335,3.7009e+06,-6.01235,1494.53,1.6937
4.26152,24.8117,7.92685,7.80922,0.000239083,3.65917e+06,-5.93668,1494.53,1.69211
4.2424,24.8255,7.84585,7.80898,0.000237014,3.61817e+06,-5.86257,1494.53,1.69054
4.22342,24.8393,7.7661,7.80873,0.000235106,3.57786e+06,-5.78993,1494.53,1.68896
4.20459,24.8531,7.68753,7.80849,0.000233343,3.53821e+06,-5.71871,1494.53,1.6874
4.18589,24.8668,7.6101,7.80825,0.000231708,3.49917e+06,-5.64879,1494.53,1.68583
4.16731,24.8805,7.53373,7.80801,0.000230187,3.46072e+06,-5.58013,1494.53,1.68427
4.14884,24.8941,7.4584,7.80778,0.000228767,3.42283e+06,-5.51266,1494.53,1.68272
4.13048,24.9078,7.38404,7.80754,0.000227438,3.38547e+06,-5.44634,1494.53,1.68116
4.11223,24.9214,7.31062,7.80731,0.00022619,3.34863e+06,-5.38111,1494.53,1.67961
4.09407,24.9351,7.23811,7.80708,0.000225013,3.31227e+06,-5.31691,1494.53,1.67806
4.076,24.9487,7.16648,7.80685,0.000223899,3.27639e+06,-5.25372,1494.53,1.67651
4.05801,24.9623,7.09569,7.80662,0.000222842,3.24096e+06,-5.19151,1494.53,1.67496
4.0401,24.976,7.02572,7.80639,0.000221835,3.20598e+06,-5.13023,1494.53,1.67341
4.02227,24.9896,6.95654,7.80616,0.000220873,3.17142e+06,-5.06986,1494.53,1.67186
4.00452,25.0033,6.88814,7.80593,0.00021995,3.13729e+06,-5.01036,1494.53,1.67031
3.98684,25.0169,6.82049,7.80571,0.000219063,3.10355e+06,-4.95171,1494.53,1.66876
3.96923,25.0306,6.75358,7.80548,0.000218206,3.07021e+06,-4.8939,1494.53,1.6672
3.95168,25.0443,6.68738,7.80526,0.000217378,3.03725e+06,-4.8369,1494.53,1.66565
3.9342,25.058,6.62189,7.80503,0.000216574,3.00467e+06,-4.78068,1494.53,1.66409
3.91678,25.0717,6.55708,7.80481,0.000215792,2.97246e+06,-4.72522,1494.53,1.66253
3.89943,25.0854,6.49295,7.80459,0.000215029,2.94061e+06,-4.67053,1494.53,1.66098
3.88213,25.0992,6.42948,7.80437,0.000214284,2.90911e+06,-4.61657,1494.53,1.65941
3.86489,25.1129,6.36666,7.80415,0.000213553,2.87796e+06,-4.56333,1494.53,1.65785
3.84771,25.1267,6.30448,7.80393,0.000212836,2.84715e+06,-4.51079,1494.53,1.65628
3.83059,25.1405,6.24293,7.80371,0.000212131,2.81667e+06,-4.45894,1494.53,1.65471
3.81353,25.1544,6.182,7.80349,0.000211435,2.78652e+06,-4.40776,1494.53,1.65314
3.79652,25.1682,6.12168,7.80327,0.00021075,2.7567e+06,-4.35726,1494.53,1.65157
3.77956,25.1821,6.06196,7.80306,0.000210072,2.72719e+06,-4.3074,1494.53,1.64999
3.76266,25.1959,6.00284,7.80284,0.000209401,2.698e+06,-4.25819,1494.53,1.64841
3.74582,25.2099,5.9443,7.80262,0.000208736,2.66912e+06,-4.20961,1494.53,1.64683
3.72902,25.2238,5.88634,7.80241,0.000208077,2.64055e+06,-4.16165,1494.53,1.64524
3.71228,25.2377,5.82894,7.8022,0.000207423,2.61228e+06,-4.1143,1494.53,1.64365
3.69559,25.2517,5.77211,7.80198,0.000206772,2.5843e+06,-4.06756,1494.53,1.64206
3.67895,25.2657,5.71584,7.80177,0.000206125,2.55662e+06,-4.0214,1494.53,1.64047
3.66237,25.2797,5.66012,7.80156,0.000205481,2.52923e+06,-3.97582,1494.53,1.63887
3.64584,25.2938,5.60494,7.80134,0.00020484,2.50213e+06,-3.93083,1494.53,1.63727
3.62935,25.3078,5.5503,7.80113,0.000204201,2.47531e+06,-3.8864,1494.53,1.63566
3.61292,25.3219,5.49619,7.80092,0.000203564,2.44877e+06,-3.84253,1494.53,1.63406
3.59654,25.336,5.44261,7.80071,0.000202928,2.42251e+06,-3.79921,1494.53,1.63245
3.58021,25.3501,5.38954,7.80051,0.000202293,2.39652e+06,-3.75642,1494.53,1.63083
3.56394,25.3643,5.337,7.8003,0.00020166,2.3708e+06,-3.71417,1494.53,1.62922
3.54771,25.3784,5.28496,7.80009,0.000201027,2.34535e+06,-3.67245,1494.53,1.6276
3.53154,25.3926,5.23342,7.79988,0.000200396,2.32016e+06,-3.63124,1494.53,1.62597
3.51542,25.4068,5.18238,7.79968,0.000199764,2.29524e+06,-3.59054,1494.53,1.62434
3.49934,25.4211,5.13184,7.79947,0.000199133,2.27057e+06,-3.55035,1494.53,1.62271
3.48332,25.4353,5.08178,7.79927,0.000198502,2.24616e+06,-3.51065,1494.53,1.62108
3.46735,25.4496,5.03221,7.79906,0.000197872,2.22201e+06,-3.47145,1494.53,1.61944
3.45143,25.4639,4.98312,7.79886,0.000197241,2.1981e+06,-3.43272,1494.53,1.6178
3.43556,25.4782,4.9345,7.79866,0.00019661,2.17444e+06,-3.39449,1494.53,1.61616
3.41974,25.4926,4.88635,7.79845,0.000195979,2.15103e+06,-3.35671,1494.53,1.61451
3.40398,25.507,4.83867,7.79825,0.000195348,2.12786e+06,-3.3194,1494.53,1.61286
3.38826,25.5213,4.79144,7.79805,0.000194717,2.10494e+06,-3.28255,1494.53,1.6112
3.3726,25.5357,4.74467,7.79785,0.000194085,2.08225e+06,-3.24615,1494.53,1.60954
3.35698,25.5502,4.69835,7.79765,0.000193453,2.05979e+06,-3.2102,1494.53,1.60788
3.34142,25.5646,4.65248,7.79745,0.000192821,2.03757e+06,-3.17468,1494.53,1.60621
3.32591,25.5791,4.60705,7.79725,0.000192188,2.01558e+06,-3.13959,1494.53,1.60454
3.31044,25.5936,4.56206,7.79706,0.000191555,1.99381e+06,-3.10495,1494.53,1.60287
3.29503,25.6081,4.5175,7.79686,0.000190921,1.97228e+06,-3.07071,1494.53,1.60119
3.27968,25.6226,4.47338,7.79666,0.000190287,1.95096e+06,-3.03689,1494.53,1.59951
3.26437,25.6372,4.42967,7.79647,0.000189653,1.92987e+06,-3.00349,1494.53,1.59783
3.24911,25.6518,4.38639,7.79627,0.000189018,1.909e+06,-2.97048,1494.53,1.59614
3.23391,25.6663,4.34353,7.79608,0.000188382,1.88834e+06,-2.93789,1494.53,1.59444
3.21875,25.681,4.30108,7.79588,0.000187747,1.8679e+06,-2.90569,1494.53,1.59275
3.20365,25.6956,4.25904,7.79569,0.00018711,1.84767e+06,-2.87387,1494.53,1.59105
3.1886,25.7102,4.2174,7.7955,0.000186473,1.82765e+06,-2.84245,1494.53,1.58935
3.1736,25.7249,4.17617,7.79531,0.000185836,1.80784e+06,-2.8114,1494.53,1.58764
3.15865,25.7396,4.13533,7.79511,0.000185198,1.78824e+06,-2.78072,1494.53,1.58593
3.14376,25.7543,4.09489,7.79492,0.00018456,1.76883e+06,-2.75041,1494.53,1.58421
3.12891,25.769,4.05484,7.79473,0.000183921,1.74964e+06,-2.72047,1494.53,1.58249
3.11412,25.7837,4.01517,7.79454,0.000183283,1.73064e+06,-2.69089,1494.53,1.58077
3.09938,25.7985,3.97589,7.79436,0.000182643,1.71183e+06,-2.66166,1494.53,1.57904
3.08468,25.8133,3.93698,7.79417,0.000182004,1.69323e+06,-2.63278,1494.53,1.57731
3.07004,25.8281,3.89845,7.79398,0.000181363,1.67482e+06,-2.60425,1494.53,1.57558
3.05546,25.8429,3.8603,7.79379,0.000180723,1.6566e+06,-2.57606,1494.53,1.57384
3.04092,25.8577,3.82251,7.79361,0.000180082,1.63857e+06,-2.5482,1494.53,1.5721
3.02644,25.8726,3.78509,7.79342,0.000179441,1.62072e+06,-2.52069,1494.53,1.57035
3.01201,25.8874,3.74802,7.79324,0.0001788,1.60307e+06,-2.49349,1494.53,1.5686
2.99763,25.9023,3.71132,7.79305,0.000178159,1.5856e+06,-2.46662,1494.53,1.56685
2.9833,25.9172,3.67497,7.79287,0.000177517,1.56831e+06,-2.44007,1494.53,1.56509
2.96902,25.9321,3.63897,7.79269,0.000176875,1.5512e+06,-2.41382,1494.53,1.56333
2.9548,25.947,3.60332,7.79251,0.000176233,1.53427e+06,-2.3879,1494.53,1.56156
2.94063,25.962,3.56802,7.79233,0.00017559,1.51752e+06,-2.36228,1494.53,1.55979
2.92651,25.977,3.53305,7.79214,0.000174948,1.50094e+06,-2.33696,1494.53,1.55801
2.91244,25.9919,3.49843,7.79197,0.000174306,1.48453e+06,-2.31194,1494.53,1.55624
2.89842,26.0069,3.46414,7.79179,0.000173663,1.4683e+06,-2.28722,1494.53,1.55445
2.88445,26.0219,3.43018,7.79161,0.00017302,1.45224e+06,-2.26279,1494.53,1.55267
2.87054,26.037,3.39655,7.79143,0.000172378,1.43634e+06,-2.23865,1494.53,1.55088
2.85668,26.052,3.36324,7.79125,0.000171735,1.42061e+06,-2.21478,1494.53,1.54908
2.84287,26.067,3.33026,7.79108,0.000171092,1.40505e+06,-2.1912,1494.53,1.54728
2.82911,26.0821,3.29759,7.7909,0.00017045,1.38965e+06,-2.16789,1494.53,1.54548
2.81541,26.0972,3.26525,7.79072,0.000169807,1.37441e+06,-2.14486,1494.53,1.54367
2.80175,26.1123,3.23321,7.79055,0.000169165,1.35933e+06,-2.1221,1494.53,1.54186
2.78815,26.1274,3.20149,7.79038,0.000168522,1.3444e+06,-2.0996,1494.53,1.54004
2.7746,26.1425,3.17007,7.7902,0.00016788,1.32964e+06,-2.07737,1494.53,1.53822
2.7611,26.1577,3.13896,7.79003,0.000167238,1.31503e+06,-2.05539,1494.53,1.5364
2.74766,26.1728,3.10814,7.78986,0.000166596,1.30057e+06,-2.03367,1494.53,1.53457
2.73426,26.188,3.07763,7.78969,0.000165954,1.28627e+06,-2.0122,1494.53,1.53273
2.72092,26.2031,3.04741,7.78952,0.000165313,1.27211e+06,-1.99097,1494.53,1.5309
2.70763,26.2183,3.01749,7.78935,0.000164672,1.25811e+06,-1.97,1494.53,1.52905
2.69439,26.2335,2.98786,7.78918,0.000164031,1.24425e+06,-1.94927,1494.53,1.52721
2.6812,26.2488,2.95851,7.78901,0.00016339,1.23054e+06,-1.92877,1494.53,1.52536
2.66807,26.264,2.92945,7.78884,0.00016275,1.21697e+06,-1.90851,1494.53,1.5235
2.65498,26.2792,2.90067,7.78867,0.00016211,1.20354e+06,-1.88849,1494.53,1.52164
2.64195,26.2945,2.87217,7.78851,0.000161471,1.19026e+06,-1.86869,1494.53,1.51978
2.62897,26.3097,2.84394,7.78834,0.000160832,1.17712e+06,-1.84912,1494.53,1.51791
2.61604,26.325,2.81599,7.78817,0.000160193,1.16411e+06,-1.82978,1494.53,1.51604
2.60316,26.3403,2.78831,7.78801,0.000159555,1.15124e+06,-1.81067,1494.53,1.51416
2.59034,26.3556,2.7609,7.78785,0.000158917,1.13851e+06,-1.79176,1494.53,1.51228
2.57756,26.3709,2.73376,7.78768,0.00015828,1.12591e+06,-1.77307,1494.53,1.51039
2.56484,26.3862,2.70688,7.78752,0.000157644,1.11344e+06,-1.7546,1494.53,1.5085
2.55217,26.4016,2.68026,7.78736,0.000157008,1.10111e+06,-1.73633,1494.53,1.5066
2.53955,26.4169,2.6539,7.7872,0.000156372,1.08891e+06,-1.71827,1494.53,1.5047
2.52698,26.4323,2.62779,7.78703,0.000155737,1.07683e+06,-1.70043,1494.53,1.5028
2.51446,26.4476,2.60194,7.78687,0.000155103,1.06489e+06,-1.68278,1494.53,1.50089
2.50199,26.463,2.57634,7.78672,0.00015447,1.05307e+06,-1.66533,1494.53,1.49897
2.48957,26.4784,2.55099,7.78656,0.000153837,1.04137e+06,-1.64808,1494.53,1.49706
2.47721,26.4938,2.52589,7.7864,0.000153205,1.0298e+06,-1.63102,1494.53,1.49513
2.46489,26.5092,2.50103,7.78624,0.000152574,1.01835e+06,-1.61416,1494.53,1.4932
2.45485,26.5246,2.47648,7.7857,0.000151943,1.00702e+06,-1.59324,1494.53,1.49127
2.44523,26.54,2.45223,7.78509,0.000151356,995845,-1.57194,1494.53,1.48934
2.43564,26.5554,2.42828,7.78449,0.000150816,984816,-1.55102,1494.53,1.48741
2.42608,26.5709,2.40462,7.78388,0.000150316,973932,-1.53045,1494.53,1.48548
2.41656,26.5864,2.38123,7.78328,0.000149852,963186,-1.51023,1494.53,1.48354
2.40706,26.6019,2.3581,7.78268,0.000149419,952574,-1.49035,1494.53,1.48161
2.39758,26.6175,2.33524,7.78209,0.000149015,942093,-1.47078,1494.53,1.47968
2.38813,26.633,2.31263,7.78149,0.000148636,931738,-1.45153,1494.53,1.47774
2.3787,26.6486,2.29026,7.7809,0.000148279,921505,-1.43259,1494.53,1.4758
2.3693,26.6643,2.26813,7.7803,0.00014794,911392,-1.41394,1494.53,1.47386
2.35991,26.68,2.24623,7.77971,0.000147618,901396,-1.39558,1494.53,1.47192
2.35055,26.6957,2.22456,7.77912,0.000147311,891513,-1.37749,1494.53,1.46998
2.3412,26.7115,2.20311,7.77853,0.000147017,881743,-1.35969,1494.53,1.46803
2.33187,26.7273,2.18188,7.77794,0.000146734,872081,-1.34216,1494.53,1.46608
2.32256,26.7432,2.16087,7.77736,0.00014646,862527,-1.32488,1494.53,1.46412
2.31326,26.7591,2.14007,7.77677,0.000146195,853077,-1.30786,1494.53,1.46216
2.30398,26.775,2.11947,7.77619,0.000145937,843731,-1.29109,1494.53,1.4602
2.29472,26.791,2.09908,7.7756,0.000145685,834487,-1.27457,1494.53,1.45823
2.28548,26.8071,2.0789,7.77502,0.000145438,825342,-1.25829,1494.53,1.45626
2.27625,26.8232,2.05891,7.77444,0.000145195,816296,-1.24226,1494.53,1.45429
2.26703,26.8393,2.03911,7.77385,0.000144955,807346,-1.22645,1494.53,1.45231
2.25783,26.8555,2.01951,7.77327,0.000144719,798492,-1.21088,1494.53,1.45033
2.24864,26.8717,2.00009,7.7727,0.000144485,789732,-1.19553,1494.53,1.44834
2.23947,26.888,1.98087,7.77212,0.000144252,781064,-1.18039,1494.53,1.44635
2.23032,26.9044,1.96183,7.77154,0.000144021,772489,-1.16548,1494.53,1.44435
2.22118,26.9207,1.94297,7.77096,0.00014379,764003,-1.15078,1494.53,1.44235
2.21205,26.9372,1.9243,7.77039,0.00014356,755607,-1.1363,1494.53,1.44034
2.20293,26.9537,1.9058,7.76981,0.000143329,747299,-1.12202,1494.53,1.43833
2.19384,26.9702,1.88748,7.76924,0.000143099,739078,-1.10795,1494.53,1.43631
2.18475,26.9868,1.86933,7.76867,0.000142867,730943,-1.09408,1494.53,1.43429
2.17568,27.0034,1.85136,7.76809,0.000142635,722893,-1.0804,1494.53,1.43227
2.16663,27.0201,1.83356,7.76752,0.000142402,714927,-1.06692,1494.53,1.43023
2.15759,27.0368,1.81592,7.76695,0.000142168,707044,-1.05363,1494.53,1.4282
2.14857,27.0536,1.79846,7.76639,0.000141932,699243,-1.04053,1494.53,1.42616
2.13956,27.0705,1.78116,7.76582,0.000141694,691523,-1.02761,1494.53,1.42411
2.13057,27.0873,1.76402,7.76525,0.000141455,683884,-1.01488,1494.53,1.42206
2.12159,27.1043,1.74705,7.76468,0.000141214,676324,-1.00233,1494.53,1.42
2.11263,27.1213,1.73023,7.76412,0.000140971,668843,-0.989955,1494.53,1.41793
2.10368,27.1383,1.71358,7.76355,0.000140726,661440,-0.977756,1494.53,1.41587
2.09475,27.1554,1.69708,7.76299,0.000140478,654113,-0.965731,1494.53,1.41379
2.08584,27.1725,1.68074,7.76243,0.000140229,646862,-0.953877,1494.53,1.41171
2.07694,27.1897,1.66455,7.76187,0.000139977,639687,-0.942185,1494.53,1.40963
2.06806,27.2069,1.64852,7.76131,0.000139722,632586,-0.930661,1494.53,1.40753
2.05919,27.2242,1.63263,7.76075,0.000139465,625560,-0.9193,1494.53,1.40544
2.05034,27.2415,1.6169,7.76019,0.000139206,618605,-0.908094,1494.53,1.40334
2.04151,27.2589,1.60131,7.75963,0.000138944,611724,-0.897048,1494.53,1.40123
2.03269,27.2763,1.58588,7.75908,0.000138679,604913,-0.886161,1494.53,1.39911
2.02389,27.2938,1.57058,7.75852,0.000138411,598174,-0.875423,1494.53,1.39699
2.01511,27.3113,1.55543,7.75797,0.000138141,591504,-0.864838,1494.53,1.39487
2.00634,27.3289,1.54043,7.75742,0.000137868,584904,-0.8544,1494.53,1.39274
1.99759,27.3465,1.52556,7.75686,0.000137592,578372,-0.844104,1494.53,1.3906
1.98886,27.3641,1.51084,7.75631,0.000137314,571908,-0.833957,1494.53,1.38846
1.98015,27.3818,1.49625,7.75576,0.000137033,565512,-0.823949,1494.53,1.38631
1.97146,27.3996,1.48181,7.75522,0.000136748,559181,-0.81408,1494.53,1.38415
1.96278,27.4174,1.46749,7.75467,0.000136461,552917,-0.804347,1494.53,1.38199
1.95412,27.4352,1.45332,7.75412,0.000136172,546718,-0.794754,1494.53,1.37982
1.94548,27.4531,1.43927,7.75358,0.000135879,540583,-0.785294,1494.53,1.37765
1.93686,27.471,1.42536,7.75304,0.000135583,534512,-0.775964,1494.53,1.37547
1.92826,27.489,1.41158,7.75249,0.000135285,528505,-0.766765,1494.53,1.37328
1.91968,27.507,1.39793,7.75195,0.000134983,522560,-0.757692,1494.53,1.37109
1.91111,27.5251,1.38441,7.75141,0.000134679,516677,-0.748745,1494.53,1.36889
1.90257,27.5432,1.37102,7.75087,0.000134372,510855,-0.739917,1494.53,1.36669
1.89405,27.5613,1.35775,7.75034,0.000134062,505094,-0.731212,1494.53,1.36448
1.88555,27.5795,1.3446,7.7498,0.000133749,499393,-0.722627,1494.53,1.36226
1.87706,27.5977,1.33159,7.74926,0.000133434,493752,-0.714163,1494.53,1.36003
1.8686,27.616,1.31869,7.74873,0.000133115,488169,-0.705811,1494.53,1.3578
1.86016,27.6343,1.30592,7.7482,0.000132794,482645,-0.697575,1494.53,1.35557
1.85174,27.6527,1.29326,7.74767,0.00013247,477178,-0.689448,1494.53,1.35332
1.84334,27.6711,1.28073,7.74714,0.000132144,471769,-0.681436,1494.53,1.35107
1.83496,27.6895,1.26831,7.74661,0.000131814,466416,-0.67353,1494.53,1.34882
1.8266,27.708,1.25602,7.74608,0.000131482,461120,-0.665735,1494.53,1.34655
1.81826,27.7265,1.24383,7.74556,0.000131147,455879,-0.658043,1494.53,1.34428
1.80994,27.745,1.23177,7.74503,0.00013081,450693,-0.650459,1494.53,1.34201
1.80165,27.7636,1.21981,7.74451,0.000130469,445560,-0.642976,1494.53,1.33972
1.79337,27.7823,1.20797,7.74399,0.000130126,440482,-0.635593,1494.53,1.33743
1.78513,27.8009,1.19625,7.74347,0.000129781,435458,-0.628308,1494.53,1.33513
1.77689,27.8196,1.18463,7.74295,0.000129433,430486,-0.621126,1494.53,1.33283
1.76869,27.8384,1.17312,7.74243,0.000129082,425566,-0.61404,1494.53,1.33052
1.7605,27.8571,1.16172,7.74191,0.000128729,420698,-0.607049,1494.53,1.3282
1.75234,27.876,1.15043,7.7414,0.000128373,415881,-0.60015,1494.53,1.32587
1.7442,27.8948,1.13925,7.74089,0.000128015,411114,-0.593344,1494.53,1.32354
1.73608,27.9137,1.12817,7.74037,0.000127654,406398,-0.586629,1494.53,1.3212
1.72799,27.9326,1.1172,7.73986,0.000127291,401732,-0.580002,1494.53,1.31886
1.71992,27.9516,1.10633,7.73935,0.000126925,397115,-0.573461,1494.53,1.3165
1.71187,27.9705,1.09556,7.73885,0.000126557,392546,-0.567006,1494.53,1.31414
1.70385,27.9896,1.0849,7.73834,0.000126187,388026,-0.560637,1494.53,1.31177
1.69585,28.0086,1.07434,7.73784,0.000125814,383553,-0.554354,1494.53,1.3094
1.68788,28.0277,1.06388,7.73733,0.00012544,379128,-0.548155,1494.53,1.30701
1.67993,28.0468,1.05351,7.73683,0.000125063,374749,-0.542033,1494.53,1.30462
1.672,28.066,1.04325,7.73633,0.000124684,370417,-0.535995,1494.53,1.30223
1.6641,28.0852,1.03308,7.73583,0.000124302,366130,-0.530032,1494.53,1.29982
1.65622,28.1044,1.02301,7.73534,0.000123919,361889,-0.524148,1494.53,1.29741
1.64836,28.1236,1.01304,7.73484,0.000123534,357693,-0.518343,1494.53,1.29499
1.64053,28.1429,1.00316,7.73435,0.000123147,353541,-0.512611,1494.53,1.29256
1.63273,28.1622,0.993373,7.73386,0.000122757,349434,-0.506956,1494.53,1.29012
1.62495,28.1815,0.983681,7.73337,0.000122366,345370,-0.501372,1494.53,1.28768
1.61719,28.2009,0.974081,7.73288,0.000121973,341349,-0.495858,1494.53,1.28523
1.60946,28.2203,0.964572,7.73239,0.000121578,337371,-0.490418,1494.53,1.28277
1.60176,28.2397,0.955154,7.7319,0.000121181,333435,-0.485045,1494.53,1.2803
1.59408,28.2591,0.945826,7.73142,0.000120783,329541,-0.479741,1494.53,1.27783
1.58643,28.2786,0.936586,7.73094,0.000120382,325689,-0.474506,1494.53,1.27535
1.5788,28.2981,0.927435,7.73046,0.000119981,321877,-0.469338,1494.53,1.27286
1.5712,28.3176,0.918371,7.72998,0.000119577,318107,-0.464234,1494.53,1.27036
1.56362,28.3372,0.909394,7.7295,0.000119172,314376,-0.459194,1494.53,1.26785
1.55607,28.3567,0.900502,7.72902,0.000118766,310686,-0.454221,1494.53,1.26534
1.54854,28.3763,0.891695,7.72855,0.000118357,307034,-0.449309,1494.53,1.26281
1.54104,28.396,0.882973,7.72808,0.000117948,303422,-0.44446,1494.53,1.26028
1.53357,28.4156,0.874334,7.7276,0.000117537,299849,-0.43967,1494.53,1.25774
1.52613,28.4353,0.865777,7.72713,0.000117124,296314,-0.43494,1494.53,1.25519
1.51871,28.455,0.857302,7.72667,0.000116711,292816,-0.430268,1494.53,1.25264
1.51131,28.4747,0.848909,7.7262,0.000116296,289356,-0.425655,1494.53,1.25007
1.50395,28.4944,0.840596,7.72574,0.00011588,285933,-0.421099,1494.53,1.2475
1.49661,28.5142,0.832362,7.72527,0.000115462,282547,-0.416599,1494.53,1.24492
1.48929,28.534,0.824208,7.72481,0.000115044,279198,-0.412155,1494.53,1.24233
1.482,28.5538,0.816131,7.72435,0.000114624,275884,-0.407765,1494.53,1.23973
1.47474,28.5736,0.808133,7.72389,0.000114204,272606,-0.40343,1494.53,1.23712
1.46751,28.5935,0.80021,7.72344,0.000113782,269363,-0.399148,1494.53,1.2345
1.4603,28.6133,0.792364,7.72298,0.00011336,266156,-0.394919,1494.53,1.23188
1.45312,28.6332,0.784593,7.72253,0.000112936,262982,-0.390741,1494.53,1.22924
1.44597,28.6531,0.776897,7.72208,0.000112512,259843,-0.386616,1494.53,1.2266
1.43884,28.6731,0.769275,7.72163,0.000112087,256738,-0.38254,1494.53,1.22395
1.43174,28.693,0.761726,7.72118,0.000111661,253666,-0.37851,1494.53,1.22129
1.42467,28.713,0.75425,7.72074,0.000111234,250628,-0.374529,1494.53,1.21862
1.41762,28.733,0.746845,7.72029,0.000110807,247622,-0.370597,1494.53,1.21594
1.41061,28.7529,0.739512,7.71985,0.000110379,244649,-0.366713,1494.53,1.21325
1.40361,28.773,0.73225,7.71941,0.00010995,241708,-0.362876,1494.53,1.21055
1.39665,28.793,0.725057,7.71897,0.000109521,238799,-0.359082,1494.53,1.20784
1.38972,28.813,0.717934,7.71853,0.000109091,235922,-0.355333,1494.53,1.20513
1.38281,28.8331,0.71088,7.7181,0.000108661,233076,-0.35163,1494.53,1.2024
1.37593,28.8532,0.703893,7.71766,0.000108231,230260,-0.347972,1494.53,1.19966
1.36907,28.8733,0.696974,7.71723,0.0001078,227476,-0.344358,1494.53,1.19692
1.36225,28.8934,0.690122,7.7168,0.000107368,224721,-0.340783,1494.53,1.19416
1.35545,28.9135,0.683336,7.71637,0.000106936,221997,-0.337251,1494.53,1.1914
1.34868,28.9336,0.676615,7.71594,0.000106504,219302,-0.333762,1494.53,1.18862
1.34193,28.9538,0.669959,7.71552,0.000106072,216636,-0.330314,1494.53,1.18584
1.33522,28.9739,0.663368,7.7151,0.00010564,214000,-0.326904,1494.53,1.18304
1.32853,28.9941,0.65684,7.71467,0.000105207,211392,-0.323534,1494.53,1.18024
1.32187,29.0143,0.650376,7.71425,0.000104775,208813,-0.320204,1494.53,1.17743
1.31523,29.0345,0.643974,7.71384,0.000104342,206262,-0.316914,1494.53,1.1746
1.30863,29.0547,0.637634,7.71342,0.000103909,203738,-0.313659,1494.53,1.17177
1.30205,29.0749,0.631356,7.713,0.000103476,201243,-0.310443,1494.53,1.16892
1.2955,29.0952,0.625138,7.71259,0.000103043,198775,-0.307264,1494.53,1.16607
1.28897,29.1154,0.618981,7.71218,0.000102611,196333,-0.304123,1494.53,1.1632
1.28248,29.1357,0.612883,7.71177,0.000102178,193919,-0.301015,1494.53,1.16032
1.27601,29.156,0.606844,7.71136,0.000101745,191531,-0.297944,1494.53,1.15744
1.26957,29.1762,0.600864,7.71096,0.000101313,189169,-0.294908,1494.53,1.15454
1.26315,29.1965,0.594942,7.71055,0.000100881,186833,-0.291907,1494.53,1.15163
1.25676,29.2168,0.589078,7.71015,0.000100449,184522,-0.288938,1494.53,1.14871
1.25041,29.2371,0.58327,7.70975,0.000100017,182237,-0.286003,1494.53,1.14578
1.24407,29.2574,0.577519,7.70935,9.9586e-05,179978,-0.283102,1494.53,1.14284
1.23777,29.2778,0.571824,7.70895,9.9155e-05,177743,-0.280235,1494.53,1.13989
1.23149,29.2981,0.566184,7.70856,9.87243e-05,175532,-0.277397,1494.53,1.13692
1.22524,29.3184,0.560599,7.70816,9.82941e-05,173346,-0.274591,1494.53,1.13395
1.21902,29.3388,0.555069,7.70777,9.78643e-05,171184,-0.271818,1494.53,1.13096
1.21283,29.3591,0.549592,7.70738,9.7435e-05,169046,-0.269076,1494.53,1.12796
1.20666,29.3795,0.544168,7.70699,9.70061e-05,166932,-0.266362,1494.53,1.12495
1.20052,29.3999,0.538798,7.7066,9.65779e-05,164840,-0.263678,1494.53,1.12193
1.19441,29.4202,0.533479,7.70622,9.61502e-05,162772,-0.261025,1494.53,1.1189
1.18832,29.4406,0.528213,7.70583,9.57231e-05,160727,-0.258402,1494.53,1.11586
1.18226,29.461,0.522998,7.70545,9.52966e-05,158705,-0.255808,1494.53,1.1128
1.17623,29.4814,0.517833,7.70507,9.48707e-05,156704,-0.253243,1494.53,1.10973
1.17022,29.5018,0.512719,7.70469,9.44454e-05,154726,-0.250707,1494.53,1.10665
1.16425,29.5222,0.507655,7.70431,9.40208e-05,152770,-0.248196,1494.53,1.10356
1.1583,29.5426,0.50264,7.70394,9.35969e-05,150836,-0.245712,1494.53,1.10045
1.15238,29.563,0.497675,7.70357,9.31738e-05,148923,-0.243256,1494.53,1.09734
1.14648,29.5834,0.492758,7.70319,9.27514e-05,147031,-0.240827,1494.53,1.09421
1.14061,29.6039,0.487888,7.70282,9.23299e-05,145160,-0.238424,1494.53,1.09106
1.13477,29.6243,0.483067,7.70246,9.19091e-05,143310,-0.236048,1494.53,1.08791
1.12895,29.6447,0.478292,7.70209,9.14892e-05,141481,-0.233698,1494.53,1.08474
1.12316,29.6651,0.473565,7.70172,9.10701e-05,139672,-0.231373,1494.53,1.08156
1.1174,29.6856,0.468883,7.70136,9.06519e-05,137883,-0.229073,1494.53,1.07837
1.11166,29.706,0.464247,7.701,9.02345e-05,136113,-0.226798,1494.53,1.07516
1.10595,29.7265,0.459657,7.70064,8.9818e-05,134364,-0.224547,1494.53,1.07194
1.10026,29.7469,0.455111,7.70028,8.94025e-05,132634,-0.222321,1494.53,1.06871
1.09461,29.7674,0.45061,7.69992,8.89879e-05,130923,-0.220117,1494.53,1.06546
1.08897,29.7878,0.446153,7.69957,8.85743e-05,129232,-0.217938,1494.53,1.0622
1.08337,29.8083,0.44174,7.69921,8.81616e-05,127559,-0.215781,1494.53,1.05892
1.07779,29.8287,0.43737,7.69886,8.775e-05,125905,-0.213647,1494.53,1.05563
1.07224,29.8492,0.433042,7.69851,8.73395e-05,124269,-0.211535,1494.53,1.05233
1.06671,29.8696,0.428757,7.69816,8.693e-05,122652,-0.209445,1494.53,1.04901
1.06121,29.8901,0.424515,7.69782,8.65216e-05,121053,-0.20738,1494.53,1.04568
1.05574,29.9106,0.420313,7.69747,8.61143e-05,119471,-0.205337,1494.53,1.04234
1.05029,29.931,0.416153,7.69713,8.5708e-05,117908,-0.203314,1494.53,1.03898
1.04486,29.9515,0.412034,7.69679,8.53027e-05,116362,-0.201312,1494.53,1.0356
1.03947,29.9719,0.407955,7.69645,8.48987e-05,114833,-0.19933,1494.53,1.03221
1.03409,29.9924,0.403917,7.69611,8.44958e-05,113321,-0.197372,1494.53,1.02881
1.02875,30.0129,0.399917,7.69577,8.4094e-05,111826,-0.195433,1494.53,1.02539
1.02343,30.0333,0.395957,7.69543,8.36933e-05,110348,-0.193513,1494.53,1.02195
1.01813,30.0538,0.392036,7.6951,8.32939e-05,108886,-0.191613,1494.53,1.0185
1.01286,30.0743,0.388154,7.69477,8.28957e-05,107441,-0.189734,1494.53,1.01503
1.00762,30.0947,0.38431,7.69444,8.24987e-05,106012,-0.187874,1494.53,1.01155
1.0024,30.1152,0.380503,7.69411,8.21028e-05,104599,-0.186033,1494.53,1.00805
0.997204,30.1356,0.376734,7.69378,8.17083e-05,103202,-0.184212,1494.53,1.00454
0.992035,30.1561,0.373002,7.69346,8.1315e-05,101821,-0.182409,1494.53,1.00101
0.986889,30.1766,0.369307,7.69313,8.09229e-05,100455,-0.180627,1494.53,0.997459
0.98177,30.197,0.365648,7.69281,8.05321e-05,99104.1,-0.178861,1494.53,0.993895
0.976673,30.2175,0.362025,7.69249,8.01425e-05,97768.7,-0.177116,1494.53,0.990315
0.971602,30.2379,0.358437,7.69217,7.97541e-05,96448.2,-0.175386,1494.53,0.986717
0.966555,30.2584,0.354885,7.69185,7.93671e-05,95142.6,-0.173677,1494.53,0.983102
0.961534,30.2788,0.351368,7.69153,7.89812e-05,93851.7,-0.171983,1494.53,0.979469
0.956535,30.2993,0.347885,7.69122,7.85967e-05,92575.3,-0.170308,1494.53,0.975819
0.951564,30.3197,0.344437,7.6909,7.82135e-05,91313.2,-0.168648,1494.53,0.972151
0.946615,30.3402,0.341023,7.69059,7.78316e-05,90065.3,-0.167006,1494.53,0.968465
0.941692,30.3606,0.337642,7.69028,7.74511e-05,88831.5,-0.16538,1494.53,0.964761
0.936792,30.3811,0.334295,7.68997,7.7072e-05,87611.5,-0.163771,1494.53,0.961039
0.931915,30.4015,0.33098,7.68966,7.66942e-05,86405.3,-0.162179,1494.53,0.957298
0.927065,30.4219,0.327699,7.68936,7.63177e-05,85212.7,-0.160602,1494.53,0.953538
0.922237,30.4424,0.324449,7.68905,7.59427e-05,84033.4,-0.159042,1494.53,0.949759
0.917432,30.4628,0.321232,7.68875,7.5569e-05,82867.5,-0.157498,1494.53,0.945961
0.91265,30.4832,0.318046,7.68845,7.51966e-05,81714.6,-0.155971,1494.53,0.942143
0.907894,30.5036,0.314892,7.68815,7.48256e-05,80574.7,-0.154457,1494.53,0.938306
0.903161,30.524,0.311769,7.68785,7.44561e-05,79447.6,-0.152959,1494.53,0.934448
0.89845,30.5445,0.308677,7.68755,7.40879e-05,78333.2,-0.151476,1494.53,0.93057
0.893763,30.5649,0.305615,7.68726,7.37211e-05,77231.4,-0.150009,1494.53,0.926672
0.889098,30.5853,0.302583,7.68696,7.33557e-05,76141.9,-0.148557,1494.53,0.922753
0.884456,30.6057,0.299582,7.68667,7.29917e-05,75064.7,-0.14712,1494.53,0.918813
0.879836,30.6261,0.29661,7.68638,7.2629e-05,73999.7,-0.145698,1494.53,0.914851
0.875243,30.6465,0.293667,7.68609,7.22676e-05,72946.5,-0.144287,1494.53,0.910868
0.870673,30.6669,0.290753,7.6858,7.19078e-05,71905.2,-0.142891,1494.53,0.906863
0.866126,30.6873,0.287868,7.68552,7.15494e-05,70875.7,-0.141509,1494.53,0.902836
0.861601,30.7076,0.285012,7.68523,7.11925e-05,69857.7,-0.140141,1494.53,0.898786
0.857099,30.728,0.282184,7.68495,7.08371e-05,68851.1,-0.138786,1494.53,0.894714
0.852616,30.7484,0.279384,7.68466,7.04832e-05,67855.9,-0.137448,1494.53,0.890618
0.848156,30.7688,0.276611,7.68438,7.01306e-05,66871.9,-0.136122,1494.53,0.886499
0.843719,30.7891,0.273866,7.6841,6.97793e-05,65898.8,-0.134809,1494.53,0.882356
0.839304,30.8095,0.271148,7.68382,6.94295e-05,64936.7,-0.13351,1494.53,0.87819
0.834912,30.8298,0.268457,7.68355,6.9081e-05,63985.4,-0.132222,1494.53,0.873998
0.830543,30.8502,0.265792,7.68327,6.8734e-05,63044.7,-0.130948,1494.53,0.869782
0.826196,30.8705,0.263154,7.683,6.83885e-05,62114.5,-0.129685,1494.53,0.865541
0.821869,30.8909,0.260541,7.68272,6.80445e-05,61194.8,-0.128437,1494.53,0.861274
0.817564,30.9112,0.257955,7.68245,6.77018e-05,60285.4,-0.1272,1494.53,0.856981
0.813282,30.9315,0.255394,7.68218,6.73605e-05,59386.1,-0.125976,1494.53,0.852662
0.809022,30.9518,0.252859,7.68191,6.70207e-05,58496.9,-0.124762,1494.53,0.848316
0.804782,30.9722,0.250348,7.68165,6.66825e-05,57617.6,-0.123563,1494.53,0.843944
0.800564,30.9925,0.247863,7.68138,6.63456e-05,56748.2,-0.122374,1494.53,0.839543
0.796369,31.0128,0.245402,7.68112,6.60101e-05,55888.4,-0.121196,1494.53,0.835115
0.792193,31.0331,0.242965,7.68085,6.56762e-05,55038.2,-0.120032,1494.53,0.830658
0.78804,31.0534,0.240553,7.68059,6.53437e-05,54197.4,-0.118877,1494.53,0.826172
0.783906,31.0737,0.238164,7.68033,6.50126e-05,53366,-0.117736,1494.53,0.821657
0.779794,31.0939,0.235799,7.68007,6.4683e-05,52543.8,-0.116605,1494.53,0.817112
0.775701,31.1142,0.233458,7.67981,6.43548e-05,51730.8,-0.115486,1494.53,0.812536
0.771631,31.1345,0.231139,7.67956,6.4028e-05,50926.7,-0.114377,1494.53,0.80793
0.76758,31.1548,0.228844,7.6793,6.37026e-05,50131.5,-0.11328,1494.53,0.803292
0.763552,31.175,0.226571,7.67905,6.33786e-05,49345.1,-0.112192,1494.53,0.798622
0.759543,31.1953,0.224321,7.67879,6.30562e-05,48567.4,-0.111116,1494.53,0.79392
0.755553,31.2155,0.222093,7.67854,6.27351e-05,47798.2,-0.110052,1494.53,0.789185
0.751585,31.2357,0.219887,7.67829,6.24154e-05,47037.5,-0.108996,1494.53,0.784415
0.747636,31.256,0.217703,7.67804,6.20971e-05,46285.1,-0.107952,1494.53,0.779612
0.743707,31.2762,0.21554,7.6778,6.17803e-05,45540.9,-0.106918,1494.53,0.774773
0.7398,31.2964,0.213399,7.67755,6.14648e-05,44804.9,-0.105894,1494.53,0.769899
0.735912,31.3166,0.211279,7.6773,6.11507e-05,44076.9,-0.104879,1494.53,0.764988
0.732043,31.3368,0.20918,7.67706,6.08381e-05,43356.8,-0.103876,1494.53,0.760041
0.728196,31.357,0.207102,7.67682,6.05269e-05,42644.5,-0.10288,1494.53,0.755055
0.724369,31.3772,0.205045,7.67658,6.02172e-05,41939.9,-0.101894,1494.53,0.750031
0.72056,31.3974,0.203008,7.67634,5.99089e-05,41242.9,-0.100919,1494.53,0.744967
0.716771,31.4176,0.200991,7.6761,5.9602e-05,40553.5,-0.0999534,1494.53,0.739864
0.713,31.4378,0.198994,7.67586,5.92966e-05,39871.4,-0.0989975,1494.53,0.734719
0.709249,31.4579,0.197017,7.67562,5.89925e-05,39196.6,-0.0980512,1494.53,0.729533
0.705516,31.4781,0.195059,7.67539,5.86898e-05,38529,-0.0971143,1494.53,0.724304
0.701802,31.4982,0.193121,7.67515,5.83884e-05,37868.5,-0.0961866,1494.53,0.719031
0.698108,31.5184,0.191202,7.67492,5.80884e-05,37214.9,-0.095268,1494.53,0.713713
0.694432,31.5385,0.189302,7.67469,5.77898e-05,36568.3,-0.0943583,1494.53,0.70835
0.690775,31.5586,0.187421,7.67446,5.74925e-05,35928.4,-0.0934573,1494.53,0.70294
0.687137,31.5788,0.185559,7.67423,5.71965e-05,35295.2,-0.0925651,1494.53,0.697482
0.683518,31.5989,0.183715,7.674,5.69019e-05,34668.5,-0.0916814,1494.53,0.691975
0.679918,31.619,0.181889,7.67377,5.66087e-05,34048.3,-0.0908061,1494.53,0.686418
0.676337,31.6391,0.180081,7.67355,5.63169e-05,33434.5,-0.0899392,1494.53,0.680809
0.672775,31.6592,0.178292,7.67332,5.60264e-05,32827,-0.0890804,1494.53,0.675148
0.669232,31.6793,0.17652,7.6731,5.57374e-05,32225.6,-0.0882295,1494.53,0.669433
0.665708,31.6993,0.174765,7.67288,5.54497e-05,31630.4,-0.0873867,1494.53,0.663662
0.662202,31.7194,0.173028,7.67266,5.51636e-05,31041,-0.0865515,1494.53,0.657835
0.658712,31.7395,0.171309,7.67244,5.48788e-05,30457.6,-0.0857262,1494.53,0.65195
0.655241,31.7595,0.169606,7.67222,5.45954e-05,29879.8,-0.0849083,1494.53,0.646004
0.651789,31.7796,0.16792,7.672,5.43133e-05,29307.8,-0.0840978,1494.53,0.639997
0.648352,31.7996,0.16627,7.67178,5.40326e-05,28741.3,-0.0823587,1497.76,0.633926
0.64493,31.8196,0.164642,7.67157,5.38178e-05,28186.5,-0.0811863,1499.22,0.62786
0.641519,31.8397,0.163037,7.67135,5.36249e-05,27638.9,-0.07996,1500.98,0.621751
0.63812,31.8598,0.161455,7.67114,5.34571e-05,27098.8,-0.0786811,1503.04,0.615602
0.634729,31.88,0.159897,7.67092,5.3317e-05,26566.1,-0.0773531,1505.41,0.609413
0.631345,31.9002,0.158362,7.67071,5.32071e-05,26040.9,-0.0759771,1508.09,0.603188
0.627968,31.9204,0.156851,7.6705,5.313e-05,25523.2,-0.0745539,1511.11,0.596928
0.624592,31.9408,0.155364,7.67028,5.30882e-05,25013.2,-0.0730887,1514.46,0.590633
0.621215,31.9612,0.153902,7.67007,5.30838e-05,24510.7,-0.0715821,1518.16,0.584306
0.617839,31.9818,0.152463,7.66986,5.31191e-05,24015.7,-0.0700351,1522.22,0.577947
0.614459,32.0024,0.151049,7.66965,5.31968e-05,23528.2,-0.0684504,1526.65,0.571557
0.611067,32.0232,0.149658,7.66943,5.33191e-05,23048.1,-0.0668325,1531.45,0.565138
0.607668,32.0442,0.148292,7.66922,5.34886e-05,22575.4,-0.0651802,1536.65,0.558689
0.604254,32.0653,0.14695,7.669,5.37081e-05,22110,-0.0634982,1542.25,0.552214
0.60082,32.0867,0.145631,7.66879,5.39803e-05,21651.8,-0.0617889,1548.26,0.54571
0.597368,32.1082,0.144336,7.66857,5.43084e-05,21200.7,-0.0600526,1554.71,0.53918
0.593889,32.13,0.143064,7.66835,5.46956e-05,20756.8,-0.0582936,1561.59,0.532624
0.590384,32.1521,0.141816,7.66813,5.51457e-05,20319.7,-0.0565128,1568.94,0.526043
0.586845,32.1745,0.140592,7.6679,5.56628e-05,19889.5,-0.054714,1576.76,0.519438
0.583268,32.1972,0.13939,7.66768,5.62513e-05,19466.1,-0.0529004,1585.07,0.51281
0.579648,32.2203,0.138211,7.66745,5.6916e-05,19049.4,-0.0510732,1593.88,0.506158
0.575984,32.2438,0.137055,7.66722,5.76624e-05,18639.3,-0.0492352,1603.23,0.499485
0.572267,32.2677,0.135922,7.66699,5.84966e-05,18235.7,-0.047391,1613.11,0.49279
0.568488,32.2921,0.134811,7.66675,5.94255e-05,17838.4,-0.0455436,1623.57,0.486075
0.564646,32.317,0.133723,7.6665,6.04562e-05,17447.5,-0.0436971,1634.6,0.47934
0.560731,32.3425,0.132656,7.66626,6.15971e-05,17062.8,-0.0418532,1646.25,0.472586
0.556733,32.3686,0.131612,7.66601,6.28575e-05,16684.1,-0.0400197,1658.52,0.465814
0.554864,32.3954,0.130617,7.66656,6.42471e-05,16311.4,-0.0371247,1671.46,0.459023
0.55364,32.423,0.129678,7.66739,6.60222e-05,15955,-0.0340044,1684.68,0.452409
0.552375,32.4516,0.128789,7.66825,6.82986e-05,15616.5,-0.031021,1698.07,0.446018
0.551058,32.4816,0.127945,7.66914,7.11228e-05,15294.3,-0.0281685,1711.62,0.439832
0.549676,32.5131,0.127143,7.67008,7.45587e-05,14986.9,-0.0254464,1725.32,0.433837
0.548219,32.5465,0.126381,7.67106,7.86904e-05,14693.5,-0.0228539,1739.17,0.428023
0.546669,32.582,0.125656,7.67211,8.3628e-05,14412.9,-0.0203959,1753.15,0.422382
0.545011,32.6202,0.124966,7.67324,8.95128e-05,14144.6,-0.0180772,1767.25,0.41691
0.543223,32.6614,0.12431,7.67445,9.65259e-05,13887.9,-0.0159063,1781.43,0.411604
0.54128,32.7063,0.123686,7.67577,0.000104896,13642.4,-0.0138937,1795.68,0.406461
0.539151,32.7557,0.123091,7.67721,0.000114908,13407.4,-0.0120512,1809.98,0.401477
0.5368,32.8103,0.122524,7.6788,0.000126907,13182.4,-0.0103923,1824.32,0.396646
0.534183,32.8713,0.121979,7.68057,0.000141293,12966.4,-0.00892878,1838.71,0.391954
0.531247,32.9398,0.121453,7.68256,0.000158492,12758.1,-0.00767411,1853.19,0.387379
0.527933,33.0173,0.120939,7.68481,0.000178879,12555.7,-0.00663239,1867.87,0.382885
0.524179,33.1053,0.120429,7.68735,0.000202669,12356.8,-0.00580185,1882.92,0.37842
0.519922,33.2052,0.119912,7.69024,0.000229751,12158,-0.00516996,1898.58,0.373911
0.515672,33.3052,0.119468,7.69311,0.000229418,11955.6,-0.00444814,1915.23,0.36927
0.511429,33.4052,0.119063,7.69599,0.00022901,11780.3,-0.00404875,1930.24,0.365209
0.507193,33.5052,0.118681,7.69886,0.000228637,11619.8,-0.00381761,1944.49,0.361458
0.502964,33.6052,0.118314,7.70172,0.000228285,11467.6,-0.00367127,1958.47,0.357871
0.498742,33.7052,0.117957,7.70458,0.000227945,11320.5,-0.00356791,1972.43,0.354377
0.494525,33.8052,0.117608,7.70744,0.000227615,11176.7,-0.00348678,1986.52,0.350935
0.490314,33.9052,0.117267,7.71029,0.000227292,11035.5,-0.00341528,2000.81,0.347527
0.486109,34.0052,0.116932,7.71314,0.000226975,10896.4,-0.00335001,2015.33,0.344146
0.48191,34.1052,0.116603,7.71599,0.000226663,10759.2,-0.00328843,2030.12,0.340786
0.477716,34.2052,0.11628,7.71883,0.000226357,10623.7,-0.0032298,2045.17,0.337445
0.473528,34.3052,0.115963,7.72167,0.000226056,10489.9,-0.00317141,2060.52,0.33412
0.469345,34.4052,0.115651,7.7245,0.00022576,10357.7,-0.00311527,2076.15,0.330812
0.465168,34.5052,0.115345,7.72733,0.000225469,10227.1,-0.00306003,2092.09,0.327522
0.460996,34.6052,0.115045,7.73016,0.000225182,10098.1,-0.00300634,2108.33,0.324247
0.45683,34.7052,0.114749,7.73298,0.0002249,9970.52,-0.00295434,2124.88,0.320987
0.452668,34.8052,0.114459,7.7358,0.000224623,9844.38,-0.00290259,2141.76,0.317742
0.448512,34.9052,0.114174,7.73862,0.00022435,9719.64,-0.00285239,2158.96,0.314512
0.444361,35.0052,0.113893,7.74143,0.000224081,9596.29,-0.00280237,2176.51,0.311296
0.440214,35.1052,0.113618,7.74424,0.000223817,9474.31,-0.00275427,2194.4,0.308095
0.436072,35.2052,0.113347,7.74704,0.000223557,9353.65,-0.00270719,2212.65,0.304909
0.431936,35.3052,0.113081,7.74984,0.000223301,9234.22,-0.00266081,2231.26,0.301735
0.427804,35.4052,0.11282,7.75264,0.000223049,9116.03,-0.00261491,2250.25,0.298574
0.423676,35.5052,0.112563,7.75544,0.000222802,8999.09,-0.00257063,2269.62,0.295427
0.419553,35.6052,0.11231,7.75823,0.000222558,8883.31,-0.00252674,2289.39,0.292292
0.415435,35.7052,0.112062,7.76102,0.000222318,8768.67,-0.00248391,2309.57,0.289169
0.41132,35.8052,0.111817,7.76381,0.000222082,8655.17,-0.00244191,2330.16,0.286059
0.40721,35.9052,0.111577,7.7666,0.000221849,8542.75,-0.00240046,2351.19,0.282959
0.403105,36.0052,0.111341,7.76938,0.000221621,8431.41,-0.00235928,2372.66,0.279872
0.399004,36.1052,0.111109,7.77216,0.000221396,8321.15,-0.00231971,2394.58,0.276798
0.394906,36.2052,0.110881,7.77493,0.000221174,8211.89,-0.00228039,2416.97,0.273734
0.390813,36.3051,0.110657,7.77771,0.000220956,8103.63,-0.00224213,2439.84,0.27068
0.386724,36.4051,0.110437,7.78048,0.000220742,7996.35,-0.00220416,2463.21,0.267638
0.382638,36.5051,0.11022,7.78324,0.00022053,7890,-0.00216677,2487.1,0.264606
0.378557,36.6051,0.110007,7.78601,0.000220323,7784.6,-0.00213022,2511.51,0.261584
0.374479,36.7051,0.109798,7.78877,0.000220118,7680.12,-0.00209483,2536.45,0.258573
0.370404,36.8051,0.109592,7.79153,0.000219917,7576.5,-0.00205922,2561.97,0.255571
0.366334,36.9051,0.109389,7.79429,0.000219719,7473.74,-0.00202384,2588.07,0.252579
0.362267,37.0051,0.10919,7.79704,0.000219524,7371.87,-0.00198946,2614.77,0.249597
0.358204,37.1051,0.108995,7.7998,0.000219332,7270.81,-0.00195639,2642.07,0.246624
0.354143,37.2051,0.108802,7.80255,0.000219143,7170.55,-0.00192275,2670.02,0.243659
0.350087,37.3051,0.108613,7.8053,0.000218958,7071.1,-0.00189001,2698.63,0.240705
0.346034,37.4051,0.108428,7.80804,0.000218775,6972.41,-0.00185804,2727.91,0.237758
0.341985,37.5051,0.108245,7.81079,0.000218595,6874.47,-0.00182539,2757.92,0.23482
0.337939,37.6051,0.108066,7.81353,0.000218419,6777.32,-0.00179424,2788.63,0.231892
0.333895,37.7051,0.107889,7.81627,0.000218245,6680.89,-0.00176417,2820.1,0.228972
0.329855,37.8051,0.107716,7.819,0.000218074,6585.14,-0.0017339,2852.35,0.22606
0.325818,37.9051,0.107546,7.82174,0.000217905,6490.05,-0.00170328,2885.43,0.223154
0.321784,38.0051,0.107378,7.82447,0.00021774,6395.67,-0.00167393,2919.34,0.220257
0.317754,38.1051,0.107214,7.8272,0.000217577,6301.95,-0.0016444,2954.12,0.217368
0.313726,38.2051,0.107052,7.82993,0.000217417,6208.88,-0.00161622,2989.78,0.214486
0.309701,38.3051,0.106893,7.83266,0.00021726,6116.42,-0.00158744,3026.41,0.211611
0.305679,38.4051,0.106737,7.83538,0.000217105,6024.61,-0.00155917,3064,0.208744
0.30166,38.5051,0.106584,7.83811,0.000216953,5933.42,-0.0015317,3102.59,0.205885
0.297644,38.6051,0.106434,7.84083,0.000216804,5842.81,-0.00150495,3142.23,0.203032
0.29363,38.7051,0.106286,7.84355,0.000216657,5752.71,-0.00147733,3182.99,0.200184
0.289619,38.8051,0.106141,7.84626,0.000216512,5663.27,-0.00145076,3224.86,0.197345
0.285611,38.9051,0.105999,7.84898,0.00021637,5574.33,-0.0014242,3267.93,0.194512
0.281605,39.0051,0.105859,7.85169,0.000216231,5485.98,-0.00139888,3312.22,0.191686
0.277602,39.1051,0.105721,7.8544,0.000216094,5398.1,-0.00137271,3357.81,0.188865
0.273601,39.2051,0.105587,7.85712,0.000215959,5310.8,-0.00134737,3404.73,0.186052
0.269603,39.3051,0.105454,7.85982,0.000215827,5223.94,-0.00132207,3453.06,0.183242
0.265607,39.4051,0.105325,7.86253,0.000215697,5137.63,-0.00129791,3502.84,0.180441
0.261613,39.5051,0.105197,7.86524,0.00021557,5051.75,-0.00127339,3554.16,0.177643
0.257621,39.6051,0.105073,7.86794,0.000215445,4966.35,-0.00124831,3607.11,0.174851
0.253631,39.7051,0.10495,7.87064,0.000215322,4881.46,-0.0012254,3661.67,0.172067
0.249645,39.8051,0.10483,7.87335,0.000215201,4796.96,-0.00120034,3718.04,0.169286
0.245661,39.9051,0.104712,7.87604,0.000215083,4712.95,-0.00117796,3776.17,0.166511
0.241678,40.0051,0.104597,7.87874,0.000214967,4629.33,-0.00115397,3836.3,0.163741
0.237698,40.1051,0.104484,7.88144,0.000214854,4546.15,-0.00113159,3898.41,0.160976
0.233719,40.2051,0.104373,7.88414,0.000214742,4463.36,-0.00110757,3962.7,0.158216
0.229743,40.3051,0.104264,7.88683,0.000214633,4381.06,-0.00108643,4029.12,0.155463
0.225769,40.4051,0.104158,7.88952,0.000214525,4299.03,-0.00106329,4097.97,0.152711
0.221797,40.5051,0.104054,7.89221,0.00021442,4217.44,-0.00104035,4169.29,0.149966
0.217826,40.6051,0.103952,7.8949,0.000214317,4136.26,-0.0010196,4243.15,0.147227
0.213857,40.7051,0.103852,7.89759,0.000214217,4055.39,-0.000997081,4319.84,0.14449
0.209891,40.8051,0.103755,7.90028,0.000214118,3974.93,-0.000976038,4399.36,0.141759
0.205926,40.9051,0.103659,7.90296,0.000214021,3894.78,-0.000955017,4481.98,0.139031
0.201963,41.0051,0.103566,7.90565,0.000213927,3814.89,-0.000932586,4567.92,0.136305
0.198001,41.1051,0.103475,7.90833,0.000213834,3735.47,-0.00091257,4657.19,0.133587
0.194041,41.2051,0.103385,7.91102,0.000213744,3656.32,-0.000891653,4750.17,0.130872
0.190082,41.3051,0.103298,7.9137,0.000213656,3577.43,-0.000870142,4847.08,0.128159
0.186126,41.4051,0.103213,7.91638,0.000213569,3498.92,-0.000851208,4947.96,0.125452
0.18217,41.5051,0.10313,7.91906,0.000213485,3420.62,-0.000829403,5053.43,0.122745
0.178217,41.6051,0.103049,7.92174,0.000213402,3342.7,-0.000809981,5163.42,0.120046
0.174265,41.7051,0.10297,7.92441,0.000213322,3264.99,-0.000789276,5278.52,0.117347
0.170314,41.8051,0.102893,7.92709,0.000213243,3187.62,-0.000769174,5398.94,0.114654
0.166366,41.9051,0.102818,7.92977,0.000213167,3110.52,-0.000750098,5525,0.111965
0.162418,42.0051,0.102745,7.93244,0.000213092,3033.64,-0.000730302,5657.26,0.109277
0.158472,42.1051,0.102674,7.93511,0.00021302,2957.03,-0.000710677,5796.13,0.106593
0.154526,42.2051,0.102605,7.93779,0.000212949,2880.65,-0.000692189,5942.01,0.103912
0.150582,42.3051,0.102538,7.94046,0.00021288,2804.43,-0.00067013,6095.89,0.10123
0.14664,42.4051,0.102473,7.94313,0.000212813,2728.75,-0.000655588,6257.29,0.0985632
0.142699,42.5051,0.102409,7.9458,0.000212748,2652.77,-0.000631005,6428.67,0.0958799
0.138759,42.6051,0.102348,7.94847,0.000212685,2577.69,-0.000619454,6608.37,0.0932239
0.13482,42.7051,0.102289,7.95114,0.000212623,2501.86,-0.0005868,6801.08,0.0905361
0.130883,42.805,0.102229,7.95381,0.000212565,2428.01,-0.000595176,7000.28,0.087914
0.126946,42.905,0.102177,7.95647,0.000212505,2350.87,-0.000527048,7221.99,0.0851704
0.123011,43.005,0.102117,7.95914,0.000212453,2280.45,-0.000600614,7437.92,0.0826618
0.119076,43.105,0.102077,7.9618,0.000212393,2197.68,-0.00039929,7709.6,0.0797086
0.115142,43.205,0.102,7.96447,0.000212353,2140.9,-0.000766835,7908.27,0.0776794
0.11121,43.305,0.102011,7.96713,0.000212276,2027.68,0.000113767,8338.08,0.0736267
0.107276,43.405,0.101823,7.9698,0.000212288,2044.85,-0.00188019,8269.77,0.074242
0.103348,43.505,0.102148,7.97246,0.0002121,1740.07,0.00325035,9684.71,0.0632931
0.0994122,43.605,0.101204,7.97513,0.000212425,2241.87,-0.00944158,7562.17,0.0812858
